19.19 
19.375 
21.031 
22.477 
18.577 
21.949 
24.507 
21.217 
32.077 
20.3 
34.488 
35.441 
22.725 
25.41 
34.143 
23.119 
22.966 
13.207 
22.921 
18.855 
23.552 
22.371 
22.538 
25.43 
21.616 
24.694 
23.126 
22.066 
19.056 
16.84 
22.236 
27.958 
25.135 
30.822 
33.6 
27.497 
29.356 
28.36 
31.979 
29.298 
31.698 
38.736 
37.284 
33.971 
36.616 
40.21 
38.051 
46.993 
40.366 
42.012 
39.197 
38.572 
45.618 
33.996 
40.462 
31.624 
41.584 
41.774 
34.316 
33.006 
33.479 
39.525 
39.976 
41.798 
43.698 
40.978 
45.653 
47.452 
45.474 
37.728 
40.985 
49.438 
46.502 
43.119 
39.047 
46.051 
38.929 
44.103 
43.73 
47.788 
44.676 
52.62 
46.571 
45.839 
52.906 
43.592 
43.346 
41.72 
48.144 
50.927 
51.306 
47.598 
48.65 
53.173 
42.407 
55.133 
54.401 
48.323 
44.679 
42.804 
49.651 
44.676 
44.662 
43.955 
41.939 
50.719 
51.03 
49.243 
48.985 
50.363 
51.012 
55.014 
50.198 
56.215 
55.766 
53.786 
57.443 
53.663 
56.016 
61.244 
59.883 
64.221 
54.536 
70.612 
58.89 
92.688 
96.381 
98.303 
97.334 
101.502 
96.825 
102.544 
96.503 
99.969 
104.398 
99.723 
98.728 
98.344 
96.741 
91.277 
95.313 
99.417 
65.868 
69.286 
108.113 
105.123 
69.043 
64.396 
65.557 
68.978 
65.167 
72.363 
68.31 
70.97 
74.005 
72.7 
65.841 
69.925 
75.174 
71.252 
68.92 
71.707 
72.673 
69.67 
66.49 
70.684 
73.136 
67.396 
71.129 
73.769 
74.132 
70.858 
69.337 
75.738 
73.478 
76.866 
73.69 
83.621 
82.884 
87.55 
80.438 
80.909 
80.104 
85.827 
93.933 
91.794 
84.164 
87.069 
84.426 
88.586 
86.083 
82.372 
89.303 
86.446 
83.903 
85.301 
91.273 
91.574 
83.562 
88.214 
94.006 
89.204 
95.331 
96.97 
91.809 
96.011 
92.458 
98.97 
98.57 
101.23 
103.971 
109.389 
105.558 
102.773 
103.27 
104.702 
101.92 
106.357 
93.895 
104.306 
102.772 
102.278 
110.758 
116.738 
112.098 
109.392 
105.14 
108.023 
113.539 
112.789 
112.095 
114.237 
107.906 
109.397 
111.058 
115.094 
113.852 
116.142 
105.952 
110.536 
120.339 
108.654 
114.823 
106.586 
114.377 
110.779 
117.815 
115.666 
114.469 
115.615 
115.242 
118.485 
111.988 
115.408 
110.405 
109.305 
110.855 
117.643 
118.694 
117.363 
113.292 
111.231 
113.013 
112.316 
113.805 
115.27 
114.688 
119.5 
113.177 
120.545 
116.536 
114.292 
116.937 
118.838 
109.183 
115.421 
117.689 
116.508 
118.081 
118.823 
117.73 
125.274 
120.044 
126.306 
123.721 
123.487 
122.138 
126.908 
129.22 
126.517 
134.822 
132.336 
130.888 
127.754 
136.3 
130.928 
130.403 
129.691 
132.262 
146.889 
141.89 
146.818 
143.9 
146.656 
143.47 
146.911 
151.668 
151.795 
152.758 
150.547 
148.327 
157.639 
149.38 
153.972 
151.229 
148.135 
156.007 
148.84 
150.429 
150.956 
148.735 
151.031 
153.251 
154.272 
151.353 
156.607 
151.145 
161.034 
165.478 
157.151 
156.298 
154.062 
157.967 
159.26 
159.785 
155.47 
162.712 
155.339 
166.603 
150.9 
160.27 
154.61 
154.282 
160.859 
155.989 
163.476 
158.755 
163.587 
164.336 
161.961 
167.749 
164.741 
161.866 
164.277 
164.328 
169.247 
163.594 
160.945 
162.658 
165.152 
159.983 
168.626 
165.713 
163.384 
161.144 
166.109 
157.064 
169.579 
164.269 
156.328 
168.813 
157.178 
159.649 
154.561 
156.449 
162.793 
162.076 
161.554 
158.071 
167.358 
165.115 
160.951 
165.932 
161.58 
165.473 
163.187 
174.124 
173.602 
172.303 
175.567 
173.504 
179.53 
175.631 
175.639 
175.29 
177.628 
175.67 
174.785 
174.422 
172.724 
178.69 
176.712 
182.975 
179.481 
178.088 
179.485 
181.842 
180.853 
186.51 
182.767 
180.153 
183.283 
184.223 
181.461 
179.628 
186.545 
177.574 
182.429 
181.857 
187.146 
180.187 
181.161 
180.107 
179.074 
188.197 
181.516 
177.649 
179.406 
182.422 
177.38 
180.312 
183.311 
181.455 
179.93 
188.838 
180.661 
186.074 
187.233 
186.019 
187.076 
193.617 
186.323 
189.613 
191.283 
184.422 
190.098 
189.462 
199.092 
191.976 
184.426 
193.203 
186.075 
192.223 
189.735 
191.584 
192.575 
195.434 
194.674 
192.678 
196.125 
204.473 
199.603 
204.631 
213.14 
213.511 
207.255 
212.89 
217.181 
215.483 
214.534 
214.92 
223.263 
224.797 
227.501 
221.846 
220.198 
225.955 
230.743 
220.645 
224.441 
224.143 
227.536 
222.106 
226.89 
228.033 
216.515 
228.48 
237.827 
225.201 
230.188 
226.355 
229.804 
228.352 
222.949 
229.073 
229.131 
227.185 
226.592 
225.358 
224.202 
223.407 
221.923 
226.515 
222.352 
228.308 
227.356 
223.987 
234.475 
228.951 
228.015 
230.429 
228.818 
233.647 
230.762 
229.982 
230.636 
233.774 
225.824 
237.094 
233.481 
227.687 
232.799 
242.518 
224.481 
230.582 
233.167 
231.37 
238.355 
227.963 
227.497 
230.432 
226.842 
230.015 
233.177 
232.964 
232.506 
232.611 
229.033 
236.238 
229.048 
230.314 
238.628 
235.124 
242.36 
237.906 
239.345 
242.33 
243.636 
245.653 
254.497 
240.443 
247.553 
251.086 
246.046 
257.059 
249.861 
248.8 
259.003 
249.95 
258.087 
246.111 
253.186 
246.506 
245.159 
255.421 
245.001 
248.715 
251.227 
246.999 
247.259 
246.763 
244.595 
247.481 
252.373 
249.138 
263.768 
258.54 
255.323 
253.948 
263.649 
253.431 
259.199 
257.732 
262.968 
257.327 
260.405 
259.146 
256.51 
312.545 
324.557 
313.463 
319.425 
322.622 
318.264 
311.297 
316.438 
307.368 
310.857 
310.164 
311.917 
314.496 
313.398 
315.23 
317.653 
325.939 
325.446 
322.4 
310.817 
324.798 
317.089 
318.221 
321.74 
316.733 
327.246 
327.373 
320.008 
314.63 
318.153 
330.517 
333.016 
327.009 
322.316 
331.037 
329.915 
328.395 
326.353 
329.589 
334.576 
325.761 
329.71 
332.247 
327.399 
330.555 
333.354 
335.474 
330.486 
337.177 
341.609 
339.018 
341.149 
339.143 
342.921 
343.504 
346.217 
347.074 
347.199 
344.929 
343.289 
344.522 
347.181 
347.239 
345.322 
353.96 
346.166 
356.037 
361.977 
351.473 
351.073 
355.183 
353.074 
291.659 
353.96 
295.363 
296.891 
299.471 
304.226 
303.176 
306.244 
309.191 
306.954 
313.527 
303.213 
314.489 
314.885 
311.645 
317.07 
313.277 
325.377 
313.226 
317.951 
313.745 
322.313 
318.53 
321.67 
316.596 
318.587 
313.126 
313.976 
326.064 
318.778 
313.264 
307.568 
318.371 
299.436 
307.142 
315.589 
312.881 
305.766 
308.247 
310.776 
307.114 
306.846 
309.375 
311.243 
308.553 
310.862 
311.257 
307.872 
315.679 
308.628 
316.273 
316.979 
317.673 
312.814 
314.581 
308.973 
316.843 
315.76 
318.062 
318.588 
320.007 
324.525 
323.492 
325.308 
322.363 
326.543 
324.646 
336.231 
326.484 
327.08 
323.598 
334.561 
333.012 
335.02 
338.578 
338.072 
334.009 
333.39 
333.903 
339.724 
335.207 
329.903 
334.824 
335.559 
337.691 
336.049 
334.861 
333.753 
335.298 
336.88 
334.747 
338.996 
332.572 
330.692 
340.378 
334.885 
335.081 
329.848 
335.287 
337.19 
339.684 
332.661 
343.18 
337.329 
340.761 
342.474 
346.453 
343.818 
353.605 
350.629 
350.301 
349.142 
359.212 
355.85 
355.6 
356.225 
361.889 
360.369 
359.612 
361.511 
366.593 
361.48 
360.949 
364.513 
368.255 
367.953 
369.692 
369.402 
371.264 
370.292 
374.225 
370.686 
373.392 
368.06 
372.574 
370.804 
365.052 
362.386 
369.149 
371.061 
368.561 
371.855 
370.16 
368.864 
374.774 
380.275 
373.144 
371.138 
373.163 
376.981 
377.882 
376.049 
370.924 
373.709 
385.145 
379.352 
379.575 
387.937 
383.348 
379.784 
381.155 
380.09 
380.557 
380.62 
383.339 
382.683 
380.21 
381.499 
383.255 
385.734 
386.766 
385.94 
390.021 
384.0 
384.382 
380.797 
386.896 
394.819 
384.467 
387.93 
388.467 
387.287 
388.573 
387.679 
391.005 
392.096 
387.754 
391.351 
387.55 
385.63 
388.328 
391.719 
394.037 
393.983 
394.584 
397.113 
395.236 
391.793 
394.72 
393.35 
399.694 
398.141 
401.708 
404.523 
403.564 
407.641 
400.408 
412.368 
407.531 
399.062 
398.018 
403.724 
401.541 
399.756 
408.337 
401.598 
404.124 
400.003 
411.83 
408.127 
405.759 
406.428 
418.364 
408.785 
405.133 
410.276 
411.311 
409.427 
403.564 
408.934 
402.554 
405.474 
413.793 
412.697 
411.579 
413.809 
415.195 
422.561 
412.673 
418.08 
419.479 
419.436 
409.777 
417.896 
415.729 
419.743 
414.88 
421.358 
421.634 
421.442 
427.533 
425.412 
418.609 
418.321 
426.095 
419.648 
419.612 
419.584 
416.729 
418.721 
417.448 
416.01 
424.8 
421.632 
422.794 
426.694 
418.234 
419.419 
433.919 
428.939 
424.665 
433.393 
438.642 
438.921 
432.703 
438.734 
428.872 
432.596 
430.214 
432.253 
432.998 
426.951 
434.651 
428.977 
435.338 
430.766 
435.114 
434.776 
439.767 
445.649 
438.023 
446.077 
435.824 
442.89 
453.057 
445.178 
450.988 
454.45 
456.666 
451.16 
460.917 
452.731 
449.75 
455.43 
455.571 
452.204 
451.412 
445.184 
451.333 
448.231 
441.651 
452.994 
446.583 
449.325 
439.349 
451.656 
441.367 
449.993 
446.878 
449.129 
444.988 
438.8 
444.131 
443.11 
452.281 
449.661 
455.495 
454.197 
448.534 
451.788 
449.469 
449.51 
451.479 
449.959 
448.523 
451.203 
458.868 
452.988 
448.56 
454.345 
451.969 
453.006 
447.304 
456.253 
450.045 
452.119 
456.692 
460.192 
459.286 
462.154 
468.641 
470.157 
470.164 
478.246 
471.708 
482.669 
464.951 
471.828 
475.464 
485.756 
467.71 
474.178 
467.755 
476.424 
473.901 
471.211 
470.168 
476.776 
472.498 
470.211 
466.226 
478.439 
479.375 
542.599 
541.2 
548.016 
548.303 
547.506 
547.402 
550.938 
539.82 
545.538 
551.52 
549.001 
540.032 
544.361 
544.277 
550.195 
547.627 
541.625 
542.437 
548.823 
548.639 
551.364 
558.15 
554.091 
549.514 
548.196 
546.133 
553.909 
553.205 
558.537 
559.254 
550.032 
554.886 
552.83 
546.51 
553.917 
551.61 
550.128 
548.23 
559.13 
550.233 
553.827 
551.615 
553.666 
551.9 
555.544 
553.445 
558.054 
562.846 
560.319 
562.559 
556.585 
565.767 
566.491 
564.286 
567.841 
565.468 
571.665 
574.358 
572.93 
575.657 
572.698 
585.412 
576.436 
584.009 
582.944 
585.061 
581.905 
584.519 
583.478 
586.935 
583.678 
581.827 
582.722 
583.617 
582.973 
580.078 
589.411 
589.173 
597.474 
601.509 
598.795 
595.391 
595.382 
599.447 
597.64 
595.197 
598.518 
595.521 
597.997 
603.773 
601.429 
596.594 
611.646 
611.208 
606.211 
604.6 
596.653 
602.654 
598.966 
603.828 
604.303 
603.826 
601.212 
600.064 
596.673 
597.39 
600.266 
597.933 
602.1 
600.137 
602.215 
604.395 
611.57 
612.817 
607.987 
608.915 
603.956 
614.677 
605.49 
608.279 
601.922 
608.202 
608.954 
607.113 
610.897 
608.185 
606.802 
607.339 
544.739 
544.387 
543.791 
547.13 
541.122 
549.48 
556.284 
552.79 
549.213 
551.393 
553.494 
552.63 
554.098 
558.771 
559.178 
555.135 
557.206 
558.741 
562.722 
562.872 
569.325 
565.295 
568.14 
568.244 
578.923 
568.567 
574.032 
569.368 
571.509 
570.061 
574.015 
568.136 
575.408 
576.995 
583.262 
574.686 
584.975 
575.164 
583.151 
578.519 
579.113 
581.385 
581.933 
581.008 
580.645 
582.245 
586.028 
583.541 
583.339 
578.286 
587.229 
584.046 
579.14 
586.463 
580.794 
584.717 
587.555 
591.412 
580.801 
583.985 
579.561 
580.045 
582.914 
585.703 
588.934 
594.212 
583.778 
593.686 
600.049 
594.809 
603.907 
597.743 
594.004 
601.863 
599.659 
593.665 
596.072 
596.059 
596.69 
594.575 
596.79 
598.368 
598.279 
597.889 
599.476 
602.097 
594.197 
596.946 
590.896 
596.959 
599.719 
596.309 
598.886 
596.784 
595.195 
604.4 
604.447 
605.426 
598.53 
601.759 
600.006 
603.393 
610.529 
607.125 
604.403 
610.684 
608.733 
607.879 
605.188 
607.821 
621.767 
607.165 
619.798 
605.036 
613.074 
607.88 
608.183 
614.026 
609.294 
612.115 
607.746 
616.448 
616.181 
617.438 
614.737 
623.45 
619.224 
618.447 
618.812 
623.796 
614.667 
617.557 
620.238 
626.375 
613.227 
622.562 
616.839 
618.456 
608.77 
628.656 
611.72 
616.222 
624.547 
621.224 
614.979 
624.153 
623.128 
627.72 
622.837 
624.299 
627.573 
629.465 
629.528 
630.64 
623.698 
628.553 
633.142 
628.012 
630.356 
637.738 
630.826 
636.269 
636.421 
641.885 
638.075 
639.339 
646.191 
641.896 
644.078 
645.72 
646.541 
640.432 
649.079 
639.084 
647.644 
656.571 
655.309 
647.262 
650.924 
646.381 
651.827 
644.62 
645.331 
647.459 
647.369 
643.058 
648.151 
649.642 
655.04 
655.969 
650.039 
650.011 
653.803 
655.319 
655.094 
660.323 
661.074 
656.882 
655.098 
657.759 
652.348 
658.33 
656.944 
663.57 
662.88 
660.591 
665.598 
665.407 
670.979 
667.728 
663.055 
669.654 
665.722 
672.126 
662.191 
671.239 
671.609 
664.347 
659.556 
658.673 
659.473 
661.531 
660.693 
663.786 
661.38 
667.151 
675.577 
672.622 
673.171 
673.994 
671.188 
674.298 
683.472 
675.143 
671.721 
675.992 
691.031 
675.672 
669.135 
679.27 
683.425 
679.024 
679.553 
683.827 
681.562 
687.081 
689.093 
685.596 
691.578 
690.581 
706.025 
702.603 
705.054 
707.315 
713.491 
713.088 
718.972 
722.271 
725.536 
724.651 
726.321 
731.947 
724.802 
731.519 
728.939 
731.364 
734.117 
728.747 
735.32 
735.785 
739.022 
744.407 
739.483 
739.991 
745.218 
750.009 
742.43 
740.156 
750.27 
748.825 
751.668 
744.476 
836.701 
840.544 
835.419 
841.341 
836.514 
834.119 
830.969 
836.992 
838.424 
856.469 
853.058 
847.061 
847.368 
857.236 
850.654 
844.064 
854.261 
844.242 
852.728 
854.372 
849.712 
861.344 
851.463 
850.392 
854.417 
848.31 
846.987 
846.316 
849.9 
848.245 
845.659 
849.49 
851.472 
848.627 
859.196 
847.893 
861.459 
851.726 
859.876 
861.257 
856.848 
848.561 
861.635 
866.352 
863.101 
858.22 
857.425 
862.368 
856.02 
864.079 
863.192 
859.155 
872.446 
867.701 
873.205 
865.606 
869.291 
874.403 
870.131 
870.184 
867.126 
868.745 
872.19 
873.744 
874.171 
871.416 
874.703 
876.931 
871.068 
871.441 
877.756 
873.884 
877.746 
877.422 
877.793 
873.908 
875.852 
882.158 
884.961 
883.922 
883.441 
882.001 
878.064 
878.851 
887.652 
888.209 
892.652 
899.628 
889.639 
893.702 
905.6 
902.268 
895.486 
902.813 
901.639 
907.134 
901.579 
910.391 
915.11 
909.157 
915.853 
904.384 
910.193 
907.313 
908.714 
903.542 
907.448 
898.998 
899.344 
904.452 
901.82 
901.381 
901.452 
900.736 
900.207 
911.648 
912.81 
915.577 
917.518 
915.41 
903.354 
911.892 
915.82 
926.11 
914.626 
922.62 
918.356 
916.881 
924.466 
923.535 
933.09 
929.169 
936.286 
938.669 
929.662 
930.504 
931.475 
931.314 
934.357 
940.438 
932.804 
927.446 
931.949 
936.368 
934.146 
935.717 
929.306 
926.65 
935.565 
928.682 
928.797 
927.527 
921.427 
920.848 
926.981 
928.204 
930.536 
922.943 
930.482 
935.469 
918.626 
931.836 
928.096 
918.617 
923.898 
923.013 
925.695 
918.248 
925.972 
917.884 
917.211 
914.851 
919.178 
919.707 
926.774 
925.727 
923.888 
924.006 
923.358 
921.489 
918.846 
919.333 
925.246 
927.041 
931.384 
925.179 
927.231 
921.345 
919.75 
925.27 
834.722 
934.303 
846.843 
845.535 
840.659 
846.516 
857.933 
836.903 
836.042 
830.707 
830.359 
834.461 
836.2 
845.865 
846.171 
848.851 
847.866 
846.399 
857.866 
846.459 
845.949 
850.538 
852.949 
856.041 
848.115 
841.563 
847.078 
845.693 
856.798 
851.19 
849.51 
857.83 
858.606 
856.825 
857.831 
864.167 
857.337 
867.847 
860.478 
870.334 
854.897 
863.321 
870.574 
858.617 
868.098 
877.074 
862.927 
869.456 
869.112 
873.285 
858.815 
872.055 
869.476 
859.744 
866.281 
863.043 
862.081 
862.82 
857.085 
861.173 
858.757 
867.326 
857.64 
855.336 
852.682 
853.333 
857.324 
856.046 
857.82 
854.178 
858.162 
851.345 
858.363 
852.001 
861.264 
858.698 
854.4 
857.764 
860.214 
855.056 
852.648 
858.88 
858.976 
855.568 
861.862 
863.318 
861.189 
871.029 
871.215 
866.227 
865.405 
877.854 
883.218 
867.297 
872.662 
877.695 
875.951 
877.137 
872.718 
879.44 
872.382 
880.786 
869.239 
872.88 
881.551 
877.313 
880.588 
874.643 
875.727 
877.662 
878.759 
875.467 
873.935 
882.411 
878.843 
883.373 
882.315 
875.916 
881.284 
879.987 
884.222 
881.089 
883.76 
884.056 
884.683 
888.909 
878.162 
884.13 
882.929 
891.382 
876.248 
895.259 
890.175 
885.935 
882.342 
884.549 
886.792 
899.202 
888.374 
891.955 
891.301 
901.164 
887.883 
886.26 
888.453 
900.079 
892.196 
890.025 
888.376 
890.704 
900.834 
894.352 
893.452 
905.833 
904.585 
897.592 
894.982 
907.214 
901.127 
898.245 
897.839 
901.538 
902.217 
903.797 
902.986 
907.811 
909.15 
905.849 
908.921 
917.383 
914.595 
918.955 
917.501 
926.438 
920.001 
922.882 
919.842 
921.64 
922.94 
917.491 
921.231 
920.63 
927.212 
924.604 
927.344 
926.831 
928.849 
928.279 
927.721 
928.579 
933.043 
925.834 
930.081 
934.63 
934.554 
934.018 
935.336 
942.036 
934.272 
943.307 
937.811 
939.312 
932.373 
947.566 
940.401 
939.794 
935.007 
944.523 
936.025 
942.533 
944.228 
943.273 
946.826 
947.426 
947.088 
951.566 
957.78 
956.139 
954.294 
947.007 
945.991 
971.606 
955.078 
968.502 
963.142 
956.224 
962.498 
946.568 
957.837 
956.224 
952.089 
958.745 
955.598 
962.298 
965.183 
958.294 
953.91 
957.639 
956.157 
962.209 
963.49 
960.911 
965.598 
971.0 
960.986 
972.28 
972.633 
969.158 
968.782 
969.115 
961.459 
982.617 
973.186 
975.782 
975.241 
977.449 
975.8 
974.766 
67.165 
68.307 
75.891 
74.732 
71.933 
77.854 
76.26 
76.931 
74.284 
76.193 
83.397 
76.62 
70.244 
68.31 
81.866 
79.234 
80.921 
79.623 
76.9 
76.613 
72.066 
89.824 
84.683 
86.21 
85.68 
83.136 
90.143 
86.857 
91.774 
89.956 
95.674 
97.612 
103.28 
96.123 
102.856 
103.567 
104.811 
99.106 
105.272 
107.699 
102.727 
106.256 
95.036 
101.268 
105.849 
106.74 
105.284 
103.246 
106.639 
104.897 
106.676 
111.366 
112.644 
111.135 
103.424 
112.54 
104.628 
104.967 
107.128 
99.183 
109.149 
107.568 
100.327 
105.388 
109.536 
103.943 
109.447 
102.916 
102.516 
110.189 
109.759 
112.741 
116.215 
111.386 
118.424 
114.411 
109.881 
108.821 
111.54 
108.362 
115.396 
119.446 
114.678 
116.366 
123.205 
122.948 
134.192 
134.378 
131.434 
133.385 
135.213 
135.602 
138.495 
141.294 
133.541 
132.109 
130.956 
130.474 
136.665 
148.14 
140.472 
142.616 
139.703 
139.348 
130.012 
142.392 
132.864 
143.181 
136.889 
135.968 
139.765 
140.613 
138.145 
140.59 
143.804 
140.991 
143.017 
138.61 
145.366 
138.627 
145.488 
139.907 
141.686 
149.516 
138.64 
143.775 
145.083 
144.552 
145.966 
146.189 
151.863 
145.286 
151.095 
153.15 
153.213 
155.056 
154.977 
152.687 
157.24 
157.539 
150.671 
155.858 
157.53 
153.006 
159.551 
161.028 
155.07 
152.827 
162.291 
151.839 
162.581 
158.739 
164.08 
160.734 
160.429 
164.659 
167.961 
165.663 
158.059 
162.289 
159.864 
165.312 
171.379 
170.927 
171.431 
171.925 
175.905 
178.28 
174.132 
169.062 
176.105 
173.644 
171.388 
169.241 
170.85 
177.169 
178.057 
182.217 
186.084 
183.227 
189.279 
183.862 
192.794 
199.022 
189.241 
181.459 
190.324 
191.011 
184.218 
186.634 
189.401 
186.349 
186.882 
184.419 
185.785 
190.594 
197.427 
186.586 
193.592 
189.303 
196.686 
193.235 
191.585 
193.077 
197.787 
202.361 
197.283 
204.427 
205.452 
206.813 
200.458 
198.196 
199.968 
204.426 
208.804 
201.731 
206.855 
199.561 
198.083 
204.791 
206.245 
206.109 
205.505 
201.586 
210.81 
205.727 
214.517 
202.891 
209.425 
208.517 
203.982 
207.488 
208.038 
208.141 
214.26 
114.373 
125.515 
122.561 
119.805 
117.432 
123.473 
116.346 
123.428 
120.921 
126.589 
126.165 
124.185 
120.631 
122.088 
130.741 
131.748 
136.901 
128.048 
124.187 
124.19 
130.919 
129.063 
135.052 
139.55 
136.185 
140.051 
139.542 
137.053 
139.775 
142.458 
143.878 
148.426 
142.42 
147.41 
147.926 
146.854 
150.106 
154.454 
146.129 
152.185 
152.15 
151.273 
152.891 
160.381 
162.069 
159.327 
168.793 
156.269 
161.364 
163.595 
163.612 
160.389 
159.232 
161.928 
166.36 
158.643 
155.914 
167.664 
157.276 
161.826 
158.267 
165.084 
171.047 
163.082 
168.352 
161.838 
165.499 
166.275 
163.915 
170.006 
168.238 
172.171 
170.016 
171.756 
166.776 
174.499 
186.868 
187.212 
186.539 
179.053 
187.887 
189.221 
191.974 
191.169 
190.237 
187.632 
187.917 
188.193 
186.462 
181.75 
177.909 
181.874 
181.13 
184.326 
181.457 
179.857 
182.689 
173.86 
176.532 
177.694 
185.988 
196.472 
211.364 
204.532 
201.511 
206.218 
202.063 
199.087 
201.142 
203.21 
198.087 
206.92 
209.305 
202.351 
208.426 
212.188 
207.067 
209.191 
212.269 
219.127 
216.366 
219.409 
213.325 
218.826 
227.168 
225.475 
231.22 
230.803 
229.35 
230.644 
230.346 
230.525 
234.165 
226.54 
229.925 
230.01 
233.178 
232.257 
231.962 
231.277 
232.704 
232.128 
238.358 
236.472 
235.814 
243.484 
246.863 
239.121 
247.026 
242.775 
243.47 
250.175 
243.474 
247.483 
249.973 
250.64 
240.113 
250.697 
248.389 
249.037 
245.908 
246.617 
242.732 
248.445 
246.263 
248.859 
251.074 
242.719 
253.594 
252.968 
254.678 
254.799 
252.702 
252.135 
259.52 
253.905 
255.161 
260.914 
257.975 
254.403 
260.833 
259.262 
261.307 
259.874 
267.172 
265.661 
259.714 
265.35 
261.377 
269.498 
266.748 
262.3 
264.999 
264.982 
266.928 
271.488 
266.74 
379.229 
382.796 
385.024 
381.544 
387.566 
385.578 
387.118 
387.934 
389.872 
392.03 
383.652 
394.339 
389.3 
390.696 
397.163 
393.839 
393.188 
391.476 
394.033 
397.348 
399.836 
394.961 
390.672 
390.402 
391.464 
389.5 
388.656 
396.546 
394.586 
396.188 
392.84 
392.558 
396.963 
399.84 
396.145 
396.847 
401.842 
404.47 
402.253 
403.052 
396.955 
401.749 
398.867 
402.6 
407.568 
397.999 
404.858 
402.55 
403.271 
400.143 
406.069 
416.09 
419.521 
408.126 
415.947 
414.955 
410.596 
420.781 
420.281 
415.813 
417.972 
423.742 
414.772 
418.276 
422.519 
420.454 
420.374 
425.663 
422.369 
422.425 
420.993 
427.051 
429.591 
425.354 
420.613 
417.11 
426.981 
415.322 
414.385 
420.226 
430.289 
427.3 
419.523 
419.734 
419.237 
420.228 
414.397 
413.903 
423.885 
416.22 
416.541 
418.405 
418.046 
415.677 
418.569 
424.447 
418.709 
421.877 
428.296 
423.656 
430.51 
427.004 
431.362 
427.48 
435.768 
430.304 
435.786 
441.334 
428.468 
442.501 
437.333 
441.869 
429.713 
428.756 
443.476 
447.159 
446.099 
448.215 
449.527 
450.435 
451.094 
446.24 
445.898 
448.918 
448.009 
440.163 
442.652 
436.551 
447.26 
440.787 
452.298 
444.105 
437.371 
439.969 
441.833 
450.564 
441.79 
447.244 
444.01 
448.077 
453.584 
447.053 
454.905 
456.133 
452.313 
458.578 
453.305 
463.172 
461.874 
463.06 
463.241 
469.011 
475.601 
468.317 
470.531 
472.378 
478.975 
478.01 
482.689 
482.373 
486.332 
494.747 
479.465 
489.901 
479.217 
492.006 
487.546 
494.214 
481.044 
485.004 
495.55 
494.666 
480.587 
481.958 
489.206 
483.751 
476.004 
479.614 
481.991 
481.983 
481.588 
485.599 
482.801 
483.883 
481.799 
487.977 
488.236 
490.842 
476.56 
487.241 
483.289 
487.402 
486.969 
492.056 
485.609 
480.592 
490.038 
484.404 
478.183 
485.953 
485.955 
477.735 
492.055 
488.954 
491.095 
491.207 
491.997 
494.216 
490.035 
490.778 
494.974 
486.356 
491.671 
492.731 
488.372 
489.098 
498.15 
488.564 
499.681 
491.069 
491.301 
494.569 
500.266 
493.487 
494.708 
493.537 
496.891 
495.615 
494.621 
502.595 
494.088 
503.716 
502.856 
496.944 
497.655 
506.937 
514.528 
514.437 
512.469 
511.522 
515.705 
513.627 
511.235 
512.061 
513.183 
516.166 
517.982 
521.987 
508.604 
515.875 
515.565 
522.492 
513.04 
507.865 
516.224 
509.353 
511.774 
503.646 
515.385 
512.858 
511.106 
519.334 
512.979 
517.426 
509.216 
512.896 
523.134 
512.034 
515.86 
517.711 
510.715 
520.654 
521.548 
522.184 
519.323 
520.127 
522.253 
518.97 
525.125 
529.247 
524.233 
519.842 
531.163 
517.522 
525.687 
525.253 
524.181 
533.968 
522.082 
530.774 
542.081 
530.38 
524.512 
521.86 
522.916 
524.144 
524.594 
526.078 
527.384 
525.386 
528.481 
523.057 
520.464 
525.815 
522.048 
411.482 
527.538 
530.983 
421.597 
413.156 
414.067 
418.109 
424.123 
424.338 
426.197 
427.257 
423.597 
428.214 
422.912 
434.805 
426.333 
436.646 
433.784 
444.177 
433.237 
441.071 
433.644 
442.732 
448.489 
432.843 
442.049 
442.334 
450.541 
450.384 
446.811 
444.604 
449.44 
453.555 
450.739 
456.829 
460.585 
460.012 
465.536 
465.461 
464.939 
461.379 
459.838 
483.82 
474.784 
481.47 
471.923 
471.806 
472.998 
476.573 
481.621 
482.687 
478.656 
483.295 
480.002 
484.926 
475.189 
488.876 
484.237 
479.725 
484.328 
480.867 
485.436 
484.094 
486.918 
483.262 
489.346 
482.383 
484.9 
484.436 
486.317 
484.841 
490.801 
482.111 
486.81 
485.652 
484.629 
490.397 
490.669 
487.242 
495.399 
487.119 
490.369 
493.297 
496.13 
497.378 
493.69 
498.204 
507.979 
502.206 
503.14 
500.838 
502.478 
507.014 
509.31 
512.872 
509.691 
516.747 
518.569 
509.107 
519.911 
514.471 
520.902 
521.269 
514.464 
514.369 
515.721 
526.516 
519.235 
517.352 
520.411 
520.767 
513.082 
511.552 
519.625 
527.396 
520.094 
525.591 
522.689 
516.159 
528.422 
531.233 
526.545 
526.269 
534.876 
533.07 
531.247 
534.468 
525.717 
526.187 
528.242 
534.421 
529.305 
650.193 
654.978 
655.691 
654.525 
656.667 
656.258 
662.044 
665.367 
660.194 
674.983 
681.361 
675.749 
673.38 
669.603 
670.766 
663.643 
675.569 
675.793 
677.757 
679.487 
683.27 
678.381 
672.954 
677.368 
672.047 
676.632 
682.657 
678.296 
678.009 
675.354 
680.767 
679.005 
683.057 
672.887 
678.775 
684.14 
682.389 
668.386 
682.629 
678.264 
686.4 
674.333 
676.936 
691.385 
675.417 
665.068 
687.432 
676.281 
680.172 
670.144 
676.817 
675.84 
673.886 
678.503 
675.128 
680.198 
676.666 
684.641 
681.413 
685.974 
687.049 
691.989 
692.433 
683.766 
694.961 
691.459 
687.528 
697.261 
692.356 
691.128 
702.655 
706.124 
697.48 
694.434 
701.277 
700.098 
688.723 
701.798 
694.94 
698.888 
693.196 
702.279 
704.82 
693.568 
700.939 
703.499 
700.563 
697.657 
701.367 
699.79 
705.489 
696.873 
694.182 
691.771 
695.36 
693.556 
689.285 
688.303 
697.907 
704.009 
713.195 
707.031 
714.507 
705.569 
710.196 
715.858 
711.783 
713.931 
712.631 
710.791 
710.952 
719.119 
716.478 
714.993 
725.52 
725.681 
724.709 
719.612 
723.712 
718.661 
727.873 
723.823 
726.072 
725.744 
728.057 
735.945 
732.812 
729.875 
739.338 
739.301 
726.088 
739.821 
747.097 
739.461 
744.43 
742.757 
739.303 
730.674 
737.39 
741.203 
750.1 
742.111 
743.31 
744.362 
750.408 
746.846 
745.842 
747.33 
751.532 
744.238 
747.201 
745.489 
748.286 
755.172 
751.124 
748.811 
746.897 
754.824 
754.164 
756.564 
753.682 
763.44 
762.152 
767.714 
762.089 
760.488 
767.38 
764.062 
772.691 
773.693 
776.397 
789.39 
783.07 
795.598 
786.499 
788.144 
786.523 
781.633 
788.929 
791.766 
783.222 
790.11 
778.667 
780.277 
793.596 
788.976 
779.459 
797.51 
778.428 
790.274 
787.529 
784.107 
779.77 
782.338 
790.262 
786.015 
783.63 
786.517 
787.236 
802.629 
792.036 
793.982 
802.205 
795.03 
796.44 
793.262 
802.547 
793.872 
797.598 
800.674 
800.907 
798.264 
794.942 
800.465 
802.362 
804.387 
805.403 
809.686 
808.877 
804.072 
806.515 
806.143 
802.312 
814.131 
813.016 
815.001 
800.34 
810.209 
812.681 
816.448 
812.049 
822.15 
814.947 
820.163 
821.918 
828.076 
818.097 
821.751 
817.242 
825.809 
825.219 
821.242 
822.526 
829.068 
827.765 
827.956 
828.976 
843.363 
829.218 
836.054 
827.632 
828.925 
831.495 
832.595 
830.621 
839.632 
838.309 
841.569 
834.799 
839.761 
847.312 
841.363 
843.963 
844.158 
841.654 
846.478 
844.467 
849.067 
854.015 
851.47 
859.036 
854.888 
857.096 
854.337 
853.005 
852.602 
860.52 
857.755 
854.441 
859.237 
856.425 
864.358 
873.321 
862.866 
869.036 
864.667 
864.968 
863.092 
860.146 
863.564 
859.798 
863.077 
873.682 
857.863 
870.844 
855.311 
866.708 
862.2 
862.018 
874.136 
867.619 
864.225 
867.73 
864.862 
878.241 
874.938 
871.029 
866.778 
869.136 
886.556 
870.922 
871.694 
871.451 
880.97 
873.521 
874.579 
879.182 
882.316 
886.406 
885.681 
887.167 
884.013 
883.776 
884.27 
879.286 
890.212 
876.986 
878.577 
881.086 
889.273 
876.227 
872.495 
880.895 
875.34 
878.162 
899.309 
896.912 
894.898 
899.971 
898.331 
911.215 
902.177 
904.156 
892.463 
893.606 
901.177 
901.393 
909.601 
907.556 
907.776 
907.176 
907.617 
919.121 
922.333 
908.848 
912.413 
908.163 
914.776 
922.64 
911.894 
908.706 
905.993 
918.428 
787.475 
922.006 
795.79 
791.731 
788.78 
794.031 
796.586 
809.39 
802.052 
807.381 
805.264 
805.965 
805.285 
810.758 
805.705 
808.831 
821.43 
816.088 
813.676 
812.864 
812.093 
816.678 
806.894 
806.859 
825.233 
820.893 
811.417 
819.411 
815.834 
807.975 
810.871 
801.287 
818.706 
816.637 
811.421 
813.826 
814.633 
807.204 
811.818 
810.095 
818.334 
812.075 
818.659 
812.745 
818.961 
819.669 
815.992 
827.654 
820.579 
822.817 
813.77 
822.88 
831.467 
821.356 
824.903 
818.993 
814.86 
820.366 
825.235 
821.114 
825.323 
827.837 
818.109 
831.294 
832.475 
823.49 
828.509 
825.547 
825.588 
825.791 
832.949 
823.252 
832.924 
836.054 
832.921 
827.957 
831.164 
824.506 
838.973 
828.764 
836.452 
829.887 
825.43 
830.358 
836.262 
837.156 
987.191 
989.075 
989.9 
992.114 
996.214 
1.37 
988.359 
991.968 
997.611 
992.295 
998.721 
992.444 
997.424 
999.758 
994.124 
995.821 
999.841 
1.445 
0.651 
0.718 
4.017 
2.912 
0.991 
1.244 
999.274 
0.356 
4.834 
9.431 
6.901 
2.824 
2.666 
1.032 
0.104 
1.627 
9.996 
3.753 
7.701 
3.88 
6.794 
11.195 
15.626 
19.403 
12.101 
26.202 
21.316 
15.305 
19.714 
12.279 
15.892 
21.102 
16.78 
22.491 
20.298 
17.529 
30.703 
22.988 
28.735 
25.948 
21.351 
27.177 
29.796 
30.151 
33.642 
34.612 
35.086 
46.229 
38.8 
46.759 
39.848 
37.631 
39.75 
38.445 
36.528 
48.08 
54.203 
47.501 
46.099 
47.137 
39.187 
53.271 
56.318 
43.685 
35.597 
46.941 
33.171 
45.258 
45.769 
42.973 
44.192 
41.274 
34.994 
787.81 
57.233 
37.904 
57.855 
47.082 
43.297 
48.678 
43.54 
47.387 
43.767 
52.402 
46.093 
34.402 
46.004 
39.735 
42.98 
43.292 
42.338 
50.932 
40.639 
51.148 
54.25 
41.551 
37.851 
47.546 
46.112 
43.87 
43.279 
49.691 
47.122 
52.597 
54.907 
43.633 
53.78 
60.452 
56.17 
66.369 
60.246 
56.661 
50.956 
50.007 
60.145 
61.516 
61.0 
66.603 
56.059 
63.31 
61.937 
60.662 
63.365 
61.839 
61.785 
48.8 
62.295 
60.717 
54.63 
59.903 
54.214 
52.845 
52.976 
59.145 
56.863 
53.158 
61.002 
60.892 
69.551 
68.998 
59.63 
59.719 
67.959 
57.66 
68.815 
64.89 
64.788 
64.02 
70.182 
69.836 
66.432 
71.189 
64.713 
63.16 
72.878 
71.258 
76.947 
69.448 
76.47 
74.312 
81.736 
73.469 
79.071 
69.24 
76.237 
68.915 
76.002 
72.192 
68.454 
75.126 
73.338 
74.447 
72.376 
80.576 
77.959 
75.203 
69.478 
63.482 
76.989 
83.86 
76.236 
73.834 
75.238 
74.129 
79.431 
80.773 
79.25 
79.757 
85.024 
88.693 
82.294 
91.086 
85.816 
85.387 
90.472 
90.416 
103.271 
100.513 
97.834 
98.51 
97.87 
103.654 
101.706 
105.355 
101.269 
102.039 
107.29 
104.132 
108.318 
102.865 
106.864 
112.331 
117.502 
118.092 
113.27 
121.598 
115.484 
125.127 
124.368 
120.898 
111.644 
116.463 
111.619 
114.07 
110.785 
113.968 
109.754 
117.405 
127.796 
121.576 
119.436 
123.589 
132.297 
130.1 
124.442 
118.897 
126.99 
122.306 
117.892 
119.91 
117.067 
113.237 
125.083 
118.027 
124.303 
118.393 
118.704 
116.806 
120.117 
117.484 
116.67 
127.283 
111.928 
119.725 
112.832 
112.449 
108.657 
112.044 
110.16 
106.583 
108.068 
112.859 
115.076 
129.949 
145.344 
144.58 
128.245 
129.978 
129.585 
125.221 
130.018 
138.59 
136.73 
127.358 
134.478 
128.056 
141.591 
132.455 
128.449 
131.594 
141.999 
141.098 
137.484 
140.353 
135.06 
141.369 
145.092 
153.778 
147.419 
146.467 
160.962 
148.237 
138.741 
143.299 
151.393 
156.248 
152.68 
159.831 
157.63 
155.358 
149.042 
155.218 
154.241 
149.945 
158.621 
170.817 
154.908 
158.434 
148.269 
158.63 
164.275 
156.586 
162.268 
154.644 
161.341 
158.128 
150.665 
156.89 
148.567 
154.503 
156.917 
145.284 
150.251 
152.548 
156.232 
155.443 
149.794 
158.332 
149.669 
153.283 
155.199 
159.649 
150.945 
152.043 
156.712 
159.141 
164.696 
166.306 
163.18 
163.241 
163.658 
167.644 
164.567 
168.385 
174.225 
173.961 
174.811 
174.252 
177.69 
170.212 
173.663 
176.482 
178.922 
177.62 
173.039 
182.444 
186.384 
184.514 
191.377 
181.278 
195.879 
194.648 
202.548 
182.635 
194.735 
184.078 
197.45 
218.148 
191.623 
189.404 
192.63 
210.41 
194.815 
191.974 
192.608 
200.806 
196.602 
192.89 
199.114 
195.13 
199.141 
196.073 
204.158 
197.591 
203.155 
203.978 
199.55 
203.393 
198.887 
201.474 
204.636 
203.657 
215.634 
203.105 
204.316 
208.908 
208.924 
205.577 
215.041 
222.731 
233.92 
231.741 
224.198 
229.117 
240.618 
93.239 
95.911 
97.285 
104.237 
108.36 
110.98 
105.849 
106.163 
117.865 
107.762 
107.974 
111.967 
106.722 
115.922 
117.348 
119.976 
118.858 
115.407 
121.319 
114.152 
119.758 
114.843 
114.641 
117.085 
112.291 
111.783 
113.464 
112.683 
106.35 
111.238 
112.814 
109.334 
107.375 
112.553 
112.326 
103.901 
102.745 
118.057 
106.486 
102.002 
102.971 
93.923 
101.271 
108.23 
101.602 
107.211 
101.619 
110.786 
103.379 
112.659 
106.405 
117.629 
93.657 
105.789 
113.439 
101.695 
100.204 
99.982 
108.343 
106.161 
103.1 
104.723 
110.363 
107.91 
108.076 
105.928 
108.591 
107.291 
109.638 
110.226 
107.65 
116.23 
108.202 
109.609 
105.836 
108.408 
102.308 
121.046 
120.387 
118.923 
125.46 
126.796 
292.547 
293.481 
298.232 
297.679 
303.968 
295.961 
310.836 
302.918 
300.973 
310.391 
306.668 
307.274 
307.145 
308.865 
310.497 
310.429 
306.469 
305.812 
303.872 
302.17 
306.032 
300.902 
309.214 
305.221 
314.875 
319.887 
313.681 
321.379 
313.191 
315.067 
306.59 
314.761 
315.803 
317.52 
314.58 
315.827 
309.955 
326.286 
321.7 
317.722 
318.723 
319.014 
331.027 
329.456 
315.312 
320.687 
328.853 
330.561 
330.713 
336.193 
326.771 
338.295 
337.418 
342.488 
336.797 
337.157 
343.847 
345.4 
346.463 
349.564 
339.151 
352.251 
335.469 
345.162 
336.423 
342.717 
340.107 
345.598 
343.656 
349.027 
341.099 
345.829 
349.608 
347.06 
343.608 
346.393 
342.537 
342.555 
343.484 
346.389 
352.416 
359.24 
350.116 
351.255 
351.397 
355.478 
352.415 
351.45 
360.105 
355.578 
360.692 
361.772 
369.106 
362.75 
362.352 
374.265 
365.308 
364.995 
376.005 
370.674 
362.596 
371.972 
371.671 
383.493 
380.628 
385.291 
376.289 
375.859 
369.383 
376.041 
377.633 
370.878 
375.999 
379.338 
370.004 
366.3 
370.226 
372.267 
379.229 
366.676 
379.227 
373.085 
379.924 
377.817 
382.796 
382.287 
380.961 
386.877 
383.812 
391.889 
391.115 
390.928 
397.915 
392.206 
391.034 
391.923 
391.953 
398.553 
391.676 
395.393 
399.798 
404.663 
397.127 
398.819 
396.361 
397.127 
399.471 
404.327 
406.475 
406.82 
403.527 
402.412 
399.534 
404.546 
401.447 
405.517 
408.278 
407.391 
398.312 
404.38 
406.3 
398.251 
411.187 
405.01 
406.644 
416.316 
403.137 
414.0 
410.952 
409.448 
407.407 
416.377 
414.489 
410.038 
417.617 
416.918 
415.75 
417.709 
421.753 
425.243 
417.933 
415.561 
416.24 
417.441 
415.931 
424.355 
417.317 
418.878 
426.526 
418.06 
421.874 
420.099 
428.239 
423.64 
426.922 
427.615 
422.46 
418.738 
417.193 
428.138 
421.483 
422.91 
417.159 
426.042 
422.733 
431.534 
436.29 
442.855 
443.568 
441.021 
440.18 
447.956 
450.179 
436.397 
433.685 
437.514 
445.659 
437.549 
449.818 
454.29 
450.861 
449.517 
439.641 
444.436 
440.413 
439.766 
445.106 
444.733 
442.228 
447.314 
449.538 
443.278 
453.552 
452.997 
448.099 
451.847 
452.238 
452.471 
458.195 
458.655 
446.496 
456.499 
456.933 
451.632 
448.432 
458.052 
465.723 
456.727 
454.588 
452.569 
458.757 
451.792 
456.601 
453.678 
464.001 
463.868 
452.07 
462.078 
459.355 
461.464 
461.279 
463.08 
459.316 
466.869 
469.894 
469.646 
480.742 
473.427 
466.679 
471.592 
467.276 
481.954 
472.304 
477.889 
472.089 
471.873 
472.964 
470.504 
480.418 
473.372 
479.788 
476.891 
479.164 
477.552 
468.544 
471.382 
472.064 
474.307 
473.65 
473.448 
478.979 
478.456 
472.651 
490.722 
477.643 
482.086 
489.806 
493.693 
480.199 
485.772 
496.66 
490.744 
493.613 
489.058 
507.014 
497.838 
494.875 
495.265 
495.398 
491.761 
494.642 
498.657 
491.108 
496.594 
493.671 
498.889 
494.842 
499.12 
496.87 
493.77 
489.895 
492.051 
499.386 
503.362 
491.44 
496.546 
500.703 
497.651 
502.581 
494.501 
499.958 
500.614 
507.593 
513.186 
510.337 
508.255 
508.662 
512.672 
509.409 
512.616 
511.969 
517.035 
515.661 
515.964 
514.765 
520.573 
520.622 
521.355 
507.869 
510.517 
524.068 
520.357 
508.612 
508.261 
519.732 
519.458 
517.878 
515.939 
515.282 
521.369 
533.88 
530.395 
521.81 
515.147 
531.046 
528.479 
518.706 
514.526 
518.294 
514.254 
527.592 
507.806 
525.528 
524.893 
519.218 
510.106 
499.471 
503.424 
511.638 
496.071 
504.382 
496.55 
501.97 
492.54 
506.725 
496.047 
490.642 
482.842 
481.226 
485.797 
488.388 
482.747 
483.445 
482.805 
480.822 
475.862 
481.384 
476.937 
486.917 
476.719 
470.569 
479.175 
475.567 
465.607 
476.387 
474.361 
467.089 
468.243 
459.78 
462.528 
465.597 
470.315 
463.251 
459.912 
470.218 
467.451 
455.101 
463.45 
459.35 
470.609 
455.449 
448.853 
455.12 
452.6 
450.72 
449.912 
451.018 
447.737 
446.646 
449.716 
461.187 
459.187 
452.359 
469.346 
447.288 
458.062 
451.895 
464.116 
456.104 
459.324 
456.762 
459.044 
459.926 
464.418 
471.338 
473.479 
466.352 
466.18 
470.137 
470.721 
469.449 
473.382 
475.443 
471.307 
472.039 
475.741 
469.071 
472.822 
476.727 
479.659 
477.021 
480.6 
480.077 
489.167 
489.884 
487.029 
489.354 
482.894 
481.262 
490.036 
480.047 
482.042 
326.446 
323.8 
497.441 
325.32 
323.241 
324.83 
499.297 
508.031 
515.377 
519.637 
514.802 
520.088 
516.714 
518.447 
526.892 
516.424 
516.317 
513.716 
513.427 
518.713 
522.0 
520.335 
524.184 
523.515 
517.126 
519.92 
520.354 
522.31 
527.548 
522.349 
526.287 
528.016 
529.379 
529.957 
540.203 
539.888 
533.441 
531.262 
536.092 
534.83 
541.488 
546.322 
545.165 
534.434 
543.437 
538.634 
544.214 
537.866 
537.545 
547.297 
536.791 
538.016 
538.115 
549.038 
554.679 
555.434 
556.825 
551.647 
551.806 
551.662 
549.149 
550.214 
561.316 
556.918 
551.997 
563.03 
551.883 
554.273 
559.715 
556.01 
564.71 
577.701 
575.645 
555.562 
561.056 
579.321 
558.589 
562.631 
561.963 
568.341 
571.859 
565.064 
570.777 
555.631 
565.146 
564.889 
566.448 
565.745 
563.561 
580.809 
563.461 
569.175 
568.02 
566.096 
565.846 
567.458 
564.377 
566.174 
570.056 
576.246 
579.823 
578.664 
574.199 
580.5 
590.073 
582.243 
583.036 
577.6 
582.824 
585.092 
590.613 
582.511 
580.085 
577.482 
576.446 
580.702 
571.953 
577.865 
580.181 
581.351 
574.584 
582.347 
582.728 
585.172 
582.37 
585.935 
586.068 
585.919 
579.321 
591.644 
589.73 
588.353 
596.183 
594.51 
603.987 
597.551 
604.499 
600.411 
602.942 
601.063 
601.419 
594.434 
607.06 
603.194 
608.916 
608.917 
607.822 
604.298 
612.675 
615.069 
607.979 
599.229 
605.912 
599.037 
607.201 
608.31 
607.838 
606.735 
613.851 
607.909 
616.368 
619.333 
616.836 
615.223 
615.368 
624.578 
613.706 
614.372 
611.454 
617.924 
626.248 
627.677 
630.586 
626.561 
629.932 
632.423 
635.89 
637.548 
631.214 
636.145 
629.678 
635.055 
645.679 
641.818 
645.217 
648.973 
642.659 
641.151 
639.209 
643.644 
639.365 
647.558 
656.836 
652.351 
647.735 
647.706 
649.076 
652.875 
652.898 
650.351 
660.532 
658.33 
658.69 
668.077 
656.597 
671.771 
657.42 
667.04 
669.277 
671.002 
673.466 
669.553 
679.093 
673.262 
683.126 
679.972 
677.059 
676.919 
691.437 
680.693 
680.124 
674.582 
682.319 
674.311 
681.343 
676.915 
683.108 
683.096 
683.862 
691.969 
693.492 
681.993 
689.976 
687.252 
685.441 
697.76 
688.105 
693.459 
695.287 
695.433 
692.312 
690.372 
696.228 
692.458 
699.43 
697.432 
705.075 
709.753 
707.936 
712.474 
711.099 
710.385 
707.041 
705.148 
718.415 
715.011 
710.079 
725.379 
718.84 
716.677 
714.529 
730.5 
723.762 
728.864 
721.491 
730.434 
733.426 
726.872 
729.104 
729.492 
725.079 
733.323 
730.815 
732.283 
728.959 
734.919 
735.131 
736.384 
731.991 
737.791 
730.127 
733.223 
743.337 
740.226 
749.493 
737.689 
734.921 
744.123 
744.653 
751.983 
750.637 
749.827 
739.97 
755.479 
750.074 
748.126 
748.018 
753.506 
748.452 
741.837 
757.047 
750.816 
742.907 
759.387 
760.93 
759.035 
762.608 
751.866 
762.677 
761.755 
758.913 
761.491 
754.198 
761.546 
767.768 
766.034 
759.358 
769.611 
768.525 
766.039 
770.804 
764.617 
767.022 
769.524 
762.854 
775.355 
766.841 
776.96 
769.119 
762.003 
763.639 
779.593 
761.755 
770.296 
773.187 
765.82 
770.943 
779.053 
767.915 
761.933 
776.576 
772.676 
771.644 
781.812 
766.356 
784.106 
774.0 
765.397 
760.375 
769.501 
765.576 
764.823 
762.698 
772.783 
769.429 
768.036 
767.453 
773.679 
778.356 
767.904 
773.045 
777.067 
777.333 
778.887 
779.515 
780.173 
789.301 
782.956 
785.451 
780.669 
775.324 
782.583 
775.888 
768.819 
780.485 
780.466 
782.344 
772.278 
785.192 
783.543 
782.52 
789.521 
790.765 
785.86 
796.955 
791.572 
793.496 
797.396 
801.568 
806.713 
792.085 
804.58 
790.277 
789.351 
794.44 
807.196 
800.502 
803.887 
798.267 
804.505 
800.591 
802.913 
815.394 
799.469 
802.445 
816.228 
802.812 
806.108 
806.734 
814.276 
805.336 
816.452 
826.448 
806.489 
800.707 
812.37 
805.018 
827.899 
823.409 
813.861 
818.61 
807.149 
821.468 
822.989 
815.89 
808.395 
807.013 
815.03 
828.351 
804.465 
809.937 
818.293 
825.007 
827.236 
833.832 
827.13 
835.149 
826.234 
825.939 
822.086 
833.298 
833.624 
832.358 
827.101 
826.475 
826.789 
834.584 
832.862 
838.877 
826.995 
833.401 
843.243 
833.324 
830.743 
835.678 
828.691 
824.339 
837.381 
832.789 
835.381 
839.481 
829.202 
835.334 
843.974 
842.687 
849.928 
848.819 
847.872 
853.234 
850.603 
860.014 
870.38 
861.161 
862.155 
851.436 
860.57 
865.192 
858.291 
860.964 
862.999 
861.53 
866.429 
864.256 
868.944 
870.966 
872.224 
868.83 
869.625 
857.549 
867.451 
863.362 
675.255 
675.898 
874.678 
685.626 
681.817 
682.715 
694.962 
686.877 
687.113 
686.406 
694.496 
684.602 
906.356 
902.072 
901.593 
907.394 
907.103 
903.5 
899.752 
909.884 
924.548 
921.928 
915.755 
913.0 
919.728 
915.336 
909.703 
928.629 
922.519 
910.622 
917.069 
910.287 
902.874 
909.721 
920.051 
907.634 
916.779 
919.235 
919.849 
919.758 
926.694 
921.633 
918.384 
929.995 
927.187 
929.363 
928.481 
933.293 
933.859 
930.919 
928.375 
932.463 
936.57 
942.029 
928.295 
939.924 
944.519 
936.157 
929.97 
941.896 
940.999 
942.326 
935.021 
933.715 
939.02 
932.974 
946.603 
937.209 
930.947 
939.653 
944.902 
934.764 
929.755 
929.646 
929.862 
940.608 
939.113 
944.97 
924.297 
940.005 
937.648 
953.694 
939.663 
936.113 
945.375 
936.257 
941.184 
937.957 
936.138 
939.577 
940.406 
947.0 
934.014 
944.43 
946.223 
945.317 
942.662 
944.639 
950.225 
939.642 
934.181 
939.407 
950.665 
948.298 
944.797 
949.853 
949.507 
932.75 
947.555 
948.448 
951.673 
947.99 
943.643 
946.771 
947.798 
950.422 
951.789 
948.13 
957.434 
953.221 
948.127 
956.258 
966.949 
967.055 
965.445 
961.759 
951.301 
950.118 
951.599 
963.698 
956.554 
957.395 
962.304 
959.455 
960.729 
972.971 
964.979 
966.386 
978.097 
974.375 
979.679 
979.58 
979.173 
983.849 
978.394 
978.25 
968.117 
978.296 
980.827 
969.091 
980.545 
980.881 
976.864 
974.016 
974.229 
969.775 
973.843 
985.155 
972.286 
987.923 
975.707 
981.374 
979.105 
977.356 
973.807 
973.344 
975.551 
978.03 
966.23 
974.67 
977.042 
976.074 
985.758 
998.848 
0.69 
999.215 
995.442 
999.576 
993.445 
990.916 
993.424 
996.701 
999.922 
5.395 
1.183 
998.797 
2.587 
4.915 
1.059 
0.24 
2.703 
3.056 
8.014 
9.233 
14.64 
37.243 
15.39 
9.837 
9.956 
22.354 
12.585 
6.407 
11.062 
7.217 
15.682 
13.118 
15.113 
17.001 
8.533 
20.118 
19.988 
17.83 
11.396 
11.004 
18.244 
12.311 
14.378 
11.358 
8.759 
27.979 
13.75 
21.118 
15.795 
20.787 
18.808 
23.895 
18.632 
24.882 
34.957 
24.124 
25.653 
14.95 
29.511 
28.715 
19.287 
26.139 
28.961 
19.226 
26.692 
24.832 
13.408 
20.888 
18.752 
16.512 
15.67 
19.465 
19.795 
18.305 
20.358 
21.42 
16.887 
18.916 
22.807 
12.705 
23.087 
24.097 
24.123 
34.008 
23.843 
29.113 
27.232 
22.457 
22.501 
19.946 
24.12 
26.023 
20.597 
16.302 
38.889 
19.368 
38.403 
20.02 
24.471 
19.785 
34.343 
26.565 
19.322 
25.887 
23.272 
22.426 
23.916 
21.222 
27.072 
26.601 
19.702 
25.349 
41.522 
27.125 
28.814 
27.516 
26.053 
30.441 
35.748 
23.624 
28.981 
31.952 
37.9 
26.465 
28.891 
32.205 
23.944 
30.762 
29.541 
34.231 
32.386 
39.997 
31.447 
29.589 
37.576 
36.021 
26.118 
42.739 
35.208 
35.645 
38.46 
34.905 
28.255 
41.251 
28.508 
29.124 
27.324 
44.907 
37.423 
28.17 
42.967 
37.91 
33.298 
28.972 
33.804 
41.507 
51.664 
40.809 
42.233 
35.856 
39.32 
43.358 
29.247 
30.483 
32.308 
36.724 
32.682 
39.671 
37.387 
39.5 
38.212 
44.52 
47.109 
46.801 
41.251 
43.632 
49.899 
33.117 
39.592 
50.878 
46.532 
37.359 
31.677 
49.077 
33.353 
42.683 
31.929 
41.185 
40.992 
39.99 
45.395 
44.965 
36.795 
45.213 
48.918 
49.201 
49.263 
45.468 
39.349 
39.299 
45.416 
36.7 
48.098 
47.73 
50.121 
39.048 
37.795 
39.869 
56.296 
53.679 
48.483 
45.303 
43.888 
53.117 
55.593 
57.257 
48.323 
50.289 
66.366 
52.528 
61.883 
65.672 
66.515 
56.75 
66.549 
67.333 
62.554 
63.523 
73.61 
57.801 
74.013 
62.538 
65.294 
69.982 
56.52 
76.689 
66.678 
68.774 
67.07 
64.525 
71.402 
83.815 
73.158 
67.86 
74.021 
81.56 
72.262 
79.93 
71.538 
76.838 
82.51 
74.624 
94.372 
85.138 
76.22 
79.613 
81.108 
76.388 
94.236 
79.977 
82.737 
85.499 
84.527 
84.338 
83.952 
87.079 
91.525 
89.075 
84.649 
99.498 
85.469 
91.088 
86.953 
85.282 
86.299 
91.796 
84.279 
88.178 
84.881 
89.337 
88.226 
89.231 
100.181 
91.856 
102.563 
99.624 
102.034 
90.105 
101.874 
107.255 
104.08 
99.622 
98.146 
103.761 
107.114 
105.997 
111.98 
116.406 
110.558 
112.352 
114.404 
115.755 
126.669 
116.881 
123.393 
118.043 
113.629 
112.787 
119.327 
120.159 
114.008 
114.111 
126.78 
116.678 
118.857 
119.561 
123.223 
107.856 
121.556 
120.0 
135.067 
128.435 
126.221 
137.538 
132.252 
128.075 
131.593 
127.932 
136.726 
142.593 
142.105 
131.635 
129.26 
137.23 
132.283 
131.742 
130.251 
144.08 
135.72 
145.343 
162.512 
145.954 
138.002 
166.197 
156.589 
156.099 
142.35 
151.687 
146.657 
148.583 
150.435 
148.267 
147.942 
141.515 
143.415 
144.165 
149.854 
142.356 
149.214 
145.753 
153.856 
153.126 
159.239 
143.73 
144.896 
156.191 
154.132 
145.585 
146.593 
145.653 
160.018 
150.841 
146.787 
167.765 
159.001 
168.013 
152.051 
156.817 
161.008 
156.046 
151.234 
365.04 
378.272 
374.364 
370.694 
367.432 
374.743 
382.735 
371.446 
378.275 
375.676 
382.638 
385.165 
381.419 
391.55 
384.817 
388.129 
382.173 
377.11 
372.298 
381.355 
378.31 
390.066 
384.068 
378.888 
376.369 
387.533 
376.692 
386.177 
384.665 
170.915 
166.174 
166.451 
172.712 
167.692 
162.184 
174.508 
169.918 
179.044 
159.239 
166.833 
173.782 
163.341 
164.583 
160.916 
172.025 
179.025 
177.113 
180.365 
176.394 
172.78 
179.973 
179.42 
173.805 
183.124 
182.071 
181.31 
180.407 
186.827 
185.988 
197.946 
195.341 
200.389 
199.405 
207.255 
204.744 
200.639 
199.175 
204.895 
200.506 
199.491 
208.363 
193.149 
199.09 
201.816 
194.551 
203.474 
197.345 
200.863 
199.18 
192.755 
202.59 
198.968 
200.386 
198.667 
203.879 
197.705 
209.635 
205.201 
207.304 
206.87 
212.339 
205.252 
201.547 
207.729 
217.669 
215.747 
211.133 
217.43 
214.983 
231.931 
227.279 
218.557 
221.722 
228.9 
226.814 
225.355 
218.129 
228.975 
227.932 
231.83 
227.801 
224.31 
231.374 
225.436 
226.172 
241.472 
232.093 
230.758 
246.438 
237.347 
235.623 
243.241 
233.115 
235.708 
237.629 
233.242 
237.013 
224.511 
235.887 
242.334 
239.249 
237.976 
235.879 
234.882 
237.915 
245.406 
247.351 
249.69 
238.48 
243.792 
244.807 
242.339 
240.528 
239.057 
252.7 
240.427 
246.952 
246.582 
245.554 
251.457 
253.402 
265.835 
256.02 
247.799 
257.216 
251.655 
256.456 
242.671 
248.013 
260.926 
251.229 
259.544 
249.88 
266.78 
242.764 
254.079 
240.702 
256.016 
242.092 
240.646 
244.232 
238.237 
244.638 
247.024 
244.996 
223.371 
234.273 
228.179 
241.486 
238.943 
236.812 
226.603 
253.482 
226.786 
223.672 
225.741 
230.899 
238.897 
234.575 
233.08 
228.932 
243.967 
298.702 
289.582 
278.226 
275.353 
275.269 
278.564 
280.645 
275.578 
285.809 
272.508 
281.413 
276.033 
274.032 
282.769 
286.627 
285.752 
287.04 
287.761 
297.756 
284.324 
294.244 
292.827 
285.896 
289.769 
290.931 
291.332 
292.135 
290.859 
289.931 
284.474 
290.77 
291.165 
298.839 
294.656 
300.031 
297.652 
295.063 
298.069 
305.226 
293.808 
313.96 
297.184 
304.065 
305.705 
312.345 
303.079 
298.702 
298.528 
304.499 
298.912 
301.426 
308.841 
306.39 
306.015 
301.699 
302.858 
317.249 
305.942 
315.785 
309.536 
311.123 
315.398 
306.33 
318.055 
302.293 
311.119 
303.116 
303.651 
307.129 
301.663 
309.59 
311.899 
298.261 
304.752 
303.497 
311.113 
295.248 
305.654 
296.035 
300.436 
291.999 
295.656 
306.351 
299.766 
295.925 
292.038 
305.427 
317.075 
328.326 
336.31 
334.771 
333.552 
333.503 
334.405 
335.879 
330.781 
343.153 
331.455 
334.442 
340.031 
344.096 
351.739 
342.223 
339.727 
338.46 
335.21 
340.442 
341.093 
351.904 
335.699 
353.441 
357.221 
354.197 
349.15 
339.082 
343.02 
346.74 
341.175 
334.865 
344.546 
342.026 
337.446 
343.829 
341.967 
349.779 
351.936 
339.401 
352.223 
349.701 
347.844 
351.342 
364.057 
353.445 
351.311 
350.688 
359.273 
363.435 
356.897 
365.895 
371.048 
356.095 
363.417 
360.099 
366.076 
377.75 
373.16 
369.387 
365.786 
367.668 
362.521 
368.06 
372.104 
367.309 
366.206 
365.133 
367.404 
375.65 
368.321 
369.082 
377.934 
372.861 
366.985 
366.198 
372.944 
366.573 
372.597 
374.884 
374.541 
360.654 
379.693 
371.619 
375.526 
372.141 
383.319 
368.04 
382.932 
369.877 
380.693 
378.841 
377.975 
394.333 
379.375 
370.09 
371.428 
372.266 
368.589 
375.722 
366.532 
368.686 
369.198 
373.005 
360.478 
362.156 
369.033 
356.795 
366.088 
371.188 
363.604 
364.02 
359.183 
360.159 
368.778 
366.605 
372.773 
356.733 
356.17 
362.38 
358.803 
348.693 
353.53 
355.134 
349.835 
363.658 
346.138 
350.186 
350.905 
346.469 
355.254 
356.645 
357.54 
352.462 
354.497 
355.783 
348.069 
364.235 
360.077 
357.982 
370.962 
356.847 
350.842 
348.519 
355.635 
347.444 
358.284 
359.786 
363.127 
348.75 
350.641 
351.986 
348.659 
353.465 
352.322 
350.271 
348.483 
367.686 
356.092 
352.443 
363.458 
358.723 
359.667 
363.194 
363.856 
366.598 
373.789 
366.804 
361.79 
361.445 
369.673 
361.308 
356.271 
371.166 
364.804 
361.569 
364.617 
367.577 
368.316 
373.228 
370.024 
369.237 
366.678 
380.458 
369.743 
372.351 
378.719 
355.141 
366.656 
373.238 
358.037 
372.001 
362.629 
364.447 
363.594 
372.494 
357.403 
362.869 
359.007 
358.87 
353.651 
350.392 
343.871 
352.816 
347.892 
339.875 
345.701 
345.413 
344.094 
349.209 
342.635 
333.215 
336.306 
335.317 
340.905 
342.61 
331.69 
332.716 
326.558 
328.91 
330.512 
324.185 
329.329 
317.391 
334.859 
322.593 
325.831 
321.794 
328.404 
325.217 
300.609 
317.329 
314.416 
305.463 
307.451 
318.759 
301.452 
311.35 
299.734 
304.877 
297.616 
304.667 
299.008 
295.181 
293.828 
284.017 
300.606 
282.876 
297.768 
283.226 
280.715 
283.339 
270.434 
281.011 
268.993 
265.225 
258.697 
276.77 
277.899 
259.569 
254.301 
269.961 
253.833 
260.163 
257.293 
254.184 
240.96 
258.006 
225.769 
239.874 
236.399 
234.467 
215.517 
234.799 
237.104 
222.491 
216.74 
232.9 
213.381 
212.007 
212.016 
211.138 
214.833 
205.446 
194.021 
190.676 
192.47 
199.547 
201.098 
207.583 
189.966 
195.818 
193.351 
187.705 
191.21 
174.012 
187.14 
191.681 
175.901 
180.986 
186.011 
183.768 
172.372 
175.739 
170.711 
168.763 
167.739 
163.895 
180.365 
160.667 
157.331 
159.327 
147.769 
147.918 
153.633 
147.128 
162.277 
148.669 
153.81 
146.797 
138.01 
151.2 
137.904 
130.414 
128.811 
133.9 
914.154 
130.49 
922.169 
908.165 
922.584 
930.578 
911.839 
902.661 
920.398 
911.863 
906.001 
911.5 
902.011 
889.266 
899.287 
897.775 
894.859 
890.804 
877.75 
869.654 
883.21 
887.615 
883.274 
876.696 
873.623 
882.095 
878.776 
888.772 
869.905 
863.168 
872.635 
863.359 
864.931 
864.848 
865.955 
863.308 
856.819 
863.202 
849.446 
844.797 
837.462 
840.625 
860.064 
825.951 
852.204 
837.988 
845.91 
833.494 
830.036 
843.464 
832.422 
828.718 
822.365 
816.131 
808.046 
803.052 
806.251 
831.905 
823.261 
806.983 
811.259 
808.552 
806.58 
791.533 
804.366 
789.968 
784.131 
782.362 
795.76 
796.122 
793.322 
771.565 
790.923 
776.404 
771.737 
794.877 
779.735 
778.231 
767.009 
773.676 
780.458 
767.835 
762.624 
775.085 
751.564 
753.209 
767.147 
759.217 
759.814 
753.534 
747.597 
738.536 
746.994 
737.982 
745.135 
753.545 
758.322 
746.065 
737.821 
721.648 
730.746 
715.768 
742.526 
721.815 
735.078 
709.28 
715.433 
721.679 
735.125 
709.964 
714.57 
708.532 
713.17 
704.553 
709.108 
706.564 
695.156 
705.664 
688.655 
685.649 
699.332 
683.62 
696.509 
682.734 
693.267 
674.385 
673.301 
684.881 
669.108 
669.63 
677.792 
682.842 
675.383 
680.887 
667.168 
677.727 
677.746 
668.882 
869.175 
663.775 
880.186 
676.416 
884.91 
882.915 
866.927 
874.928 
870.321 
855.599 
874.193 
869.728 
869.512 
865.21 
866.425 
871.23 
873.356 
863.268 
854.442 
849.701 
859.48 
843.346 
844.408 
846.01 
843.185 
847.931 
839.904 
816.755 
834.402 
839.756 
840.82 
828.817 
824.1 
823.529 
828.14 
830.851 
815.795 
824.262 
813.503 
813.224 
814.06 
809.889 
769.909 
777.468 
776.053 
784.237 
784.082 
775.175 
776.146 
781.616 
784.568 
766.012 
778.77 
756.972 
762.645 
757.594 
774.737 
774.201 
767.215 
767.463 
763.347 
771.365 
751.769 
752.48 
760.221 
773.923 
756.391 
744.629 
754.777 
757.584 
768.823 
763.991 
756.226 
769.2 
770.706 
777.167 
771.781 
784.619 
743.785 
742.493 
738.439 
730.872 
735.262 
740.978 
732.798 
726.281 
730.742 
732.809 
725.48 
724.975 
721.349 
724.205 
726.382 
725.385 
713.969 
718.388 
726.58 
718.34 
725.98 
711.465 
722.079 
716.332 
707.112 
708.037 
711.966 
708.889 
709.47 
702.748 
707.12 
697.787 
691.916 
688.119 
687.432 
703.208 
686.039 
683.969 
701.699 
691.535 
685.949 
663.058 
695.805 
677.249 
684.621 
676.309 
659.316 
657.686 
660.594 
665.562 
652.043 
659.143 
654.015 
643.712 
652.745 
655.289 
636.042 
602.679 
613.772 
628.534 
636.157 
620.882 
612.897 
606.24 
633.496 
625.594 
643.059 
610.228 
599.717 
653.797 
604.393 
593.862 
631.74 
632.853 
614.768 
623.745 
590.44 
595.345 
607.613 
577.704 
588.433 
641.151 
627.733 
618.911 
607.324 
604.577 
610.346 
615.102 
601.501 
604.019 
601.001 
612.538 
594.631 
595.159 
589.285 
586.452 
588.324 
593.299 
588.239 
582.524 
574.105 
583.806 
584.732 
578.928 
574.192 
579.739 
572.688 
575.031 
578.925 
573.589 
578.585 
558.366 
570.647 
564.177 
565.359 
566.4 
562.927 
559.67 
560.904 
554.999 
563.092 
550.678 
555.616 
549.517 
545.222 
550.684 
539.043 
546.068 
538.522 
534.544 
520.749 
531.124 
531.59 
523.134 
527.338 
521.237 
520.669 
521.175 
509.509 
522.338 
518.43 
513.955 
522.796 
508.237 
520.327 
501.671 
513.892 
517.501 
499.267 
513.358 
518.23 
505.559 
495.807 
499.175 
485.075 
493.054 
492.81 
485.499 
483.434 
481.365 
482.918 
466.306 
479.11 
465.852 
466.973 
458.929 
482.021 
450.088 
461.729 
435.64 
478.121 
452.752 
440.051 
447.837 
466.19 
434.236 
427.557 
434.903 
442.209 
426.61 
427.921 
439.997 
435.841 
422.825 
415.35 
449.784 
415.735 
422.617 
420.825 
410.85 
386.136 
389.678 
411.365 
396.231 
397.991 
366.225 
367.978 
394.012 
405.241 
345.286 
369.113 
370.53 
355.082 
346.806 
382.42 
361.327 
349.688 
403.736 
401.103 
376.472 
357.994 
412.302 
380.721 
351.709 
386.852 
395.799 
370.02 
372.058 
413.127 
400.79 
378.641 
339.472 
342.549 
366.505 
348.098 
338.697 
337.003 
329.385 
326.835 
342.748 
330.431 
344.627 
327.959 
333.847 
319.507 
321.47 
324.144 
319.571 
323.51 
321.258 
302.645 
317.859 
316.536 
313.106 
304.311 
295.273 
290.68 
299.234 
297.624 
297.738 
285.913 
296.479 
296.054 
285.765 
285.45 
285.418 
284.253 
277.513 
286.642 
282.454 
275.522 
277.218 
281.994 
277.369 
273.173 
265.08 
275.051 
270.233 
274.958 
282.5 
266.945 
269.73 
271.089 
260.674 
268.931 
267.447 
266.741 
254.501 
251.858 
262.162 
247.131 
268.039 
260.91 
253.67 
253.512 
254.251 
249.639 
237.448 
259.819 
276.701 
245.844 
248.025 
245.141 
238.671 
228.89 
217.564 
243.011 
237.586 
232.033 
232.541 
216.197 
231.844 
233.005 
217.598 
234.856 
231.453 
242.902 
233.707 
228.759 
229.038 
208.293 
213.587 
213.583 
210.3 
204.604 
228.65 
209.448 
204.633 
202.914 
199.409 
204.13 
195.028 
204.334 
204.853 
203.595 
192.252 
203.584 
199.016 
196.815 
186.443 
205.723 
191.128 
197.404 
203.832 
209.175 
198.105 
206.958 
202.517 
194.054 
200.4 
186.099 
193.222 
200.039 
193.953 
200.949 
197.908 
196.875 
192.586 
194.814 
197.562 
192.341 
189.041 
189.285 
196.451 
187.312 
194.087 
190.188 
184.037 
179.13 
187.788 
184.589 
189.805 
188.671 
185.303 
181.971 
179.818 
188.074 
183.424 
187.642 
183.644 
185.774 
181.653 
188.355 
190.639 
183.561 
157.831 
173.848 
159.507 
179.046 
168.296 
176.968 
168.895 
166.763 
189.245 
161.658 
168.879 
177.144 
174.909 
173.68 
187.592 
159.696 
175.189 
164.053 
172.587 
166.426 
172.606 
157.693 
150.955 
161.919 
161.066 
156.442 
154.491 
161.74 
154.025 
157.087 
147.619 
136.874 
152.755 
151.301 
151.824 
140.757 
145.952 
142.849 
134.479 
129.608 
139.145 
133.536 
148.719 
152.21 
139.143 
140.47 
130.238 
150.581 
137.031 
141.523 
142.289 
144.265 
131.784 
119.246 
154.344 
130.339 
119.371 
119.434 
130.046 
133.386 
120.752 
108.443 
116.409 
107.011 
116.078 
100.824 
114.255 
113.239 
105.642 
109.986 
124.542 
112.156 
110.822 
104.751 
108.369 
105.98 
108.85 
97.453 
101.115 
98.67 
105.783 
96.489 
98.169 
97.581 
93.347 
100.311 
98.186 
92.633 
101.496 
89.0 
104.43 
92.839 
86.171 
86.791 
87.72 
83.647 
84.43 
81.283 
86.044 
85.275 
82.37 
79.909 
77.022 
91.602 
76.831 
69.632 
72.556 
74.709 
69.36 
52.145 
54.155 
66.921 
55.019 
58.733 
48.357 
63.085 
60.486 
64.452 
54.215 
49.992 
62.105 
69.15 
41.725 
58.976 
66.77 
52.833 
53.299 
43.69 
45.069 
62.147 
65.024 
39.487 
68.8 
56.95 
39.729 
34.987 
37.212 
28.587 
34.422 
23.697 
34.35 
27.156 
24.779 
31.929 
29.856 
20.057 
15.48 
35.732 
20.672 
27.58 
16.761 
10.29 
29.145 
14.603 
25.112 
6.309 
8.947 
14.784 
1.027 
991.077 
996.704 
6.456 
994.713 
7.884 
5.739 
1.724 
8.247 
991.045 
8.792 
993.465 
4.802 
997.058 
991.093 
2.879 
993.379 
982.539 
990.185 
986.508 
988.741 
984.886 
981.361 
979.944 
981.466 
972.528 
956.777 
983.633 
965.788 
969.204 
957.339 
978.132 
978.557 
974.031 
981.196 
965.687 
961.945 
968.583 
958.633 
966.431 
981.208 
959.491 
964.721 
958.082 
956.83 
954.398 
952.322 
955.88 
947.378 
952.592 
951.42 
944.414 
945.804 
951.621 
951.735 
944.706 
931.129 
932.593 
716.468 
951.934 
934.264 
933.637 
930.62 
924.827 
714.376 
929.457 
715.963 
709.591 
926.548 
931.056 
719.64 
924.16 
714.589 
717.659 
707.22 
705.864 
712.675 
703.096 
704.729 
696.636 
705.667 
703.237 
699.175 
696.671 
692.38 
694.284 
694.59 
689.937 
686.725 
686.929 
694.519 
686.72 
685.036 
684.154 
681.078 
674.899 
676.853 
681.207 
670.269 
675.5 
671.709 
688.033 
666.666 
662.149 
673.448 
660.213 
675.457 
669.079 
658.577 
663.769 
662.908 
678.732 
658.129 
661.197 
655.495 
659.514 
660.315 
659.899 
653.856 
649.811 
647.303 
639.883 
614.544 
634.381 
664.802 
652.367 
654.778 
630.71 
630.102 
628.8 
646.535 
622.984 
637.944 
664.208 
649.91 
622.864 
659.099 
611.526 
658.265 
646.166 
611.863 
645.663 
614.205 
611.756 
612.315 
606.342 
615.825 
611.577 
602.786 
604.17 
609.72 
575.222 
598.568 
587.199 
596.349 
612.275 
583.564 
590.236 
602.648 
604.449 
591.574 
589.592 
584.072 
588.07 
588.914 
603.9 
580.563 
585.629 
583.692 
581.797 
573.661 
569.228 
572.044 
568.695 
566.449 
578.208 
562.254 
564.357 
559.832 
561.4 
559.861 
560.933 
557.751 
551.921 
561.704 
554.96 
554.494 
544.728 
552.293 
547.318 
547.192 
552.199 
545.664 
552.818 
539.213 
552.441 
537.685 
533.567 
540.239 
532.937 
540.469 
539.722 
511.374 
512.109 
509.963 
511.838 
511.367 
505.778 
510.574 
505.904 
508.787 
502.934 
500.231 
505.396 
500.146 
496.05 
501.553 
499.853 
493.115 
483.437 
486.422 
495.934 
496.386 
504.566 
480.605 
484.19 
479.97 
485.938 
483.802 
477.522 
482.35 
472.502 
481.885 
478.695 
479.256 
475.796 
473.193 
486.142 
482.26 
485.184 
475.365 
470.205 
472.342 
469.613 
468.466 
458.19 
461.974 
461.674 
457.962 
458.494 
460.549 
458.952 
456.867 
457.002 
454.463 
452.782 
445.839 
453.154 
444.166 
430.5 
427.011 
446.178 
420.111 
419.55 
436.973 
434.083 
442.581 
432.329 
421.301 
441.532 
419.761 
444.804 
424.522 
444.485 
421.858 
425.365 
415.344 
423.267 
420.631 
413.215 
418.009 
413.454 
414.686 
413.516 
411.67 
416.474 
410.714 
410.432 
410.239 
407.372 
406.482 
382.881 
378.261 
394.308 
398.509 
397.107 
399.182 
404.868 
392.475 
372.653 
374.621 
397.169 
371.706 
386.933 
399.709 
403.26 
397.773 
393.642 
393.294 
386.747 
384.362 
407.096 
372.679 
371.886 
368.822 
372.145 
366.776 
367.737 
365.131 
368.711 
362.361 
363.571 
355.018 
365.566 
353.234 
354.049 
346.524 
346.239 
345.39 
353.421 
356.151 
281.589 
352.594 
342.783 
359.089 
358.739 
282.62 
342.966 
351.445 
267.2 
265.715 
262.706 
251.503 
266.522 
275.174 
250.922 
252.397 
252.319 
253.295 
243.638 
231.888 
250.11 
236.057 
234.778 
248.437 
241.456 
227.334 
245.295 
232.556 
244.636 
234.136 
218.121 
232.366 
217.451 
229.191 
238.211 
224.432 
248.306 
225.163 
220.982 
229.592 
216.008 
220.932 
240.081 
220.001 
213.0 
218.095 
214.652 
210.416 
214.646 
211.858 
205.073 
212.137 
210.727 
202.245 
200.443 
194.117 
196.948 
197.503 
192.483 
190.591 
185.422 
182.249 
187.569 
187.733 
174.887 
153.155 
153.924 
162.721 
171.418 
118.658 
123.314 
114.755 
141.558 
140.985 
149.799 
137.404 
117.358 
111.594 
96.021 
83.879 
102.979 
84.178 
64.469 
67.928 
42.182 
44.623 
64.562 
10.866 
20.224 
8.939 
9.565 
5.375 
21.014 
7.767 
975.44 
935.997 
918.864 
892.085 
897.065 
879.376 
878.318 
880.422 
875.09 
876.585 
867.119 
840.498 
836.525 
830.571 
829.217 
810.093 
805.999 
799.815 
807.488 
809.245 
802.975 
799.091 
761.017 
757.823 
720.888 
710.164 
712.137 
689.879 
673.454 
670.342 
667.565 
666.879 
653.023 
649.427 
640.276 
639.199 
643.66 
636.599 
635.006 
610.009 
601.019 
580.741 
599.939 
573.052 
596.662 
596.729 
577.721 
574.69 
584.71 
577.311 
568.999 
581.348 
549.236 
536.337 
540.356 
577.605 
536.775 
531.97 
501.68 
498.564 
486.983 
488.961 
449.52 
412.561 
391.444 
293.729 
169.373 
204.411 
1.853 
1.753 
1.764 
1.771 
1.961 
1.773 
2.027 
1.799 
2.064 
2.102 
1.755 
1.9 
1.803 
1.775 
1.797 
1.761 
1.772 
1.771 
1.719 
2.167 
1.755 
1.804 
2.286 
3.652 
2.378 
