10.157 
12.235 
14.605 
13.906 
13.889 
12.473 
19.487 
19.112 
23.16 
27.974 
22.006 
17.128 
21.816 
28.589 
21.468 
18.008 
24.032 
22.166 
27.137 
24.258 
25.669 
27.366 
23.38 
30.728 
26.23 
30.581 
25.648 
30.086 
25.884 
24.375 
20.741 
30.943 
28.275 
27.193 
30.716 
28.468 
27.953 
29.033 
30.893 
37.619 
35.1 
36.672 
30.689 
30.895 
40.047 
27.364 
38.778 
34.134 
31.376 
37.283 
35.707 
39.598 
30.006 
41.271 
37.017 
34.365 
38.931 
38.592 
36.883 
37.847 
48.29 
61.22 
55.508 
55.43 
47.374 
54.869 
58.204 
46.3 
55.351 
53.736 
61.616 
47.755 
56.472 
60.965 
50.77 
50.344 
55.488 
52.803 
61.023 
53.438 
51.912 
55.238 
49.521 
59.773 
53.484 
53.145 
63.161 
59.191 
56.231 
59.33 
57.1 
58.731 
54.326 
56.746 
53.844 
60.331 
60.759 
56.407 
68.39 
50.749 
53.213 
99.963 
91.611 
101.031 
56.657 
95.086 
102.729 
95.773 
99.867 
94.223 
95.58 
96.689 
99.856 
104.592 
96.923 
102.39 
108.289 
111.633 
112.28 
75.26 
73.7 
79.297 
78.126 
76.01 
75.929 
69.198 
78.644 
75.891 
79.336 
76.762 
73.94 
70.719 
72.041 
75.424 
86.833 
77.449 
80.759 
68.239 
72.821 
78.552 
78.991 
75.289 
75.826 
71.267 
72.578 
67.039 
69.474 
74.103 
70.707 
87.58 
84.808 
79.043 
70.374 
73.068 
71.844 
77.91 
78.386 
84.937 
82.888 
75.963 
83.187 
92.186 
85.835 
81.138 
81.376 
79.821 
80.489 
80.585 
91.712 
88.443 
88.392 
77.845 
82.905 
86.18 
78.581 
93.954 
88.12 
82.746 
100.875 
87.309 
93.992 
92.283 
84.377 
89.809 
95.584 
90.598 
93.591 
85.68 
82.189 
92.143 
86.764 
87.047 
90.779 
90.321 
86.253 
86.581 
90.979 
83.436 
86.873 
93.297 
90.894 
91.654 
88.309 
99.045 
96.478 
106.47 
104.736 
102.454 
99.755 
105.443 
106.738 
108.815 
101.674 
115.276 
115.236 
112.65 
112.186 
126.035 
108.074 
111.506 
118.86 
119.81 
112.235 
108.891 
110.966 
126.157 
118.244 
111.666 
118.043 
115.189 
121.817 
114.372 
110.033 
110.847 
109.309 
110.626 
101.31 
100.003 
99.725 
115.56 
107.513 
112.328 
102.759 
97.555 
98.5 
105.304 
98.563 
92.482 
106.201 
98.653 
104.235 
103.066 
102.298 
104.929 
108.046 
102.223 
101.322 
100.179 
107.654 
112.88 
118.804 
108.532 
119.644 
114.942 
121.077 
115.034 
121.408 
121.605 
115.925 
115.305 
124.236 
128.977 
131.467 
122.581 
125.501 
135.099 
144.188 
129.34 
133.965 
131.1 
136.078 
133.966 
144.047 
133.615 
136.483 
135.363 
129.022 
148.8 
137.222 
134.002 
140.628 
136.068 
143.502 
140.894 
141.391 
147.695 
136.328 
138.773 
135.392 
130.966 
136.535 
145.787 
135.725 
141.553 
144.303 
136.061 
134.534 
133.556 
135.889 
135.117 
150.329 
142.675 
137.286 
142.802 
151.663 
145.282 
136.992 
144.619 
141.601 
151.313 
144.57 
146.078 
155.237 
146.192 
134.432 
141.278 
141.462 
145.912 
147.334 
154.401 
148.123 
140.25 
139.961 
143.655 
148.589 
160.24 
149.186 
152.096 
151.501 
140.148 
159.797 
154.979 
152.63 
157.567 
147.056 
157.003 
149.277 
157.461 
145.395 
162.713 
146.565 
156.607 
155.373 
151.712 
169.566 
160.606 
161.431 
153.561 
158.475 
161.444 
155.594 
158.694 
166.251 
160.653 
169.647 
172.079 
173.764 
165.407 
166.333 
170.553 
165.934 
170.281 
171.476 
171.751 
160.3 
165.015 
161.06 
167.069 
168.042 
157.086 
160.098 
168.403 
164.3 
167.187 
159.206 
163.369 
169.562 
182.134 
175.373 
171.411 
172.895 
177.378 
166.101 
169.328 
175.99 
183.309 
179.949 
170.316 
179.49 
179.775 
185.897 
179.167 
179.033 
190.773 
176.057 
186.316 
185.975 
183.32 
179.712 
175.317 
185.451 
184.061 
179.424 
181.624 
188.354 
182.033 
177.093 
185.322 
178.921 
197.794 
184.306 
183.844 
182.957 
186.104 
183.199 
192.361 
185.401 
193.719 
194.215 
190.537 
192.523 
189.287 
197.67 
197.481 
194.476 
190.239 
199.796 
200.875 
196.631 
198.722 
202.407 
202.928 
204.704 
192.291 
194.951 
193.856 
201.095 
193.416 
201.115 
193.165 
199.589 
191.95 
199.648 
203.28 
196.884 
203.503 
194.412 
209.741 
207.486 
210.197 
198.15 
207.671 
214.594 
213.439 
209.137 
197.198 
203.268 
209.926 
218.215 
211.13 
219.174 
216.97 
203.768 
207.654 
211.385 
218.757 
221.069 
204.804 
220.743 
220.813 
208.776 
224.334 
217.039 
214.31 
217.826 
215.448 
217.754 
220.433 
226.513 
223.594 
217.207 
230.834 
230.835 
227.178 
224.825 
220.858 
236.618 
223.672 
227.814 
224.642 
228.37 
227.775 
225.603 
230.672 
231.351 
228.254 
223.454 
227.349 
238.3 
221.316 
227.477 
229.658 
233.938 
233.74 
231.949 
234.885 
227.464 
233.719 
226.582 
238.956 
237.078 
235.787 
240.033 
232.089 
236.426 
231.86 
231.161 
226.495 
227.613 
233.979 
233.496 
237.692 
240.995 
236.58 
241.521 
232.373 
234.727 
239.633 
235.205 
229.729 
241.635 
245.937 
239.738 
239.22 
241.564 
245.737 
242.472 
242.21 
245.123 
245.911 
238.425 
247.872 
239.586 
252.05 
251.797 
239.508 
246.092 
249.554 
247.644 
252.249 
247.184 
258.858 
247.194 
248.579 
254.85 
253.256 
256.335 
249.463 
247.136 
251.37 
248.444 
251.154 
250.717 
243.017 
251.786 
237.298 
244.161 
243.563 
250.964 
242.702 
247.571 
251.66 
247.325 
246.798 
250.953 
247.551 
242.491 
239.775 
252.072 
249.3 
259.198 
253.303 
253.514 
307.573 
305.693 
304.841 
308.042 
312.84 
307.992 
318.249 
315.033 
315.471 
319.098 
306.317 
309.685 
318.658 
313.431 
316.203 
312.258 
313.735 
317.663 
316.834 
315.54 
315.731 
317.122 
316.712 
315.149 
315.317 
320.522 
324.066 
312.621 
311.627 
321.763 
312.497 
314.21 
315.458 
311.407 
315.735 
313.595 
313.308 
321.517 
319.853 
323.833 
312.611 
314.327 
312.825 
307.77 
311.248 
310.85 
312.42 
306.871 
311.671 
305.706 
308.979 
304.8 
312.189 
305.532 
300.962 
307.991 
299.312 
305.554 
306.694 
299.09 
308.767 
305.423 
303.981 
303.162 
299.13 
300.972 
297.008 
241.64 
242.019 
243.921 
243.375 
238.165 
238.179 
307.87 
239.663 
237.649 
239.278 
238.97 
230.956 
234.354 
231.194 
233.239 
230.547 
228.287 
221.317 
228.696 
234.533 
234.102 
225.623 
228.848 
229.466 
224.4 
227.605 
221.348 
223.572 
236.369 
226.999 
232.617 
228.829 
227.051 
231.891 
227.164 
225.419 
226.532 
221.714 
232.964 
219.689 
230.802 
227.883 
228.926 
230.396 
230.977 
228.367 
231.197 
227.591 
215.876 
208.057 
217.843 
211.133 
210.139 
205.718 
204.116 
205.11 
202.796 
210.023 
207.149 
201.6 
202.993 
199.438 
201.476 
203.856 
201.588 
197.147 
201.275 
182.621 
191.166 
177.313 
191.795 
185.547 
192.547 
183.938 
180.549 
182.126 
191.762 
178.91 
190.427 
195.68 
202.076 
192.224 
189.359 
178.431 
175.573 
173.897 
174.471 
178.431 
173.822 
171.206 
171.902 
159.418 
168.165 
174.417 
163.108 
157.314 
147.446 
161.962 
162.7 
155.65 
174.712 
163.527 
153.126 
161.833 
136.896 
142.963 
136.953 
136.743 
154.293 
153.925 
159.818 
157.968 
138.033 
152.948 
150.467 
147.142 
137.065 
128.818 
142.724 
133.464 
115.433 
126.838 
122.127 
134.4 
121.749 
106.952 
114.633 
112.044 
104.01 
105.844 
101.362 
97.019 
99.317 
97.799 
101.996 
99.906 
92.651 
81.377 
82.682 
88.175 
90.504 
81.931 
81.901 
75.146 
81.277 
72.059 
68.822 
53.378 
67.364 
52.301 
60.616 
53.36 
44.019 
47.969 
29.177 
18.079 
40.842 
33.457 
33.028 
16.716 
36.775 
13.135 
8.904 
5.193 
6.543 
3.301 
2.112 
2.508 
2.062 
1.766 
1.847 
1.851 
1.769 
1.988 
1.637 
2.242 
1.79 
10.593 
9.021 
7.529 
