21.099 
20.426 
19.871 
25.076 
22.952 
22.791 
24.235 
20.262 
23.09 
26.904 
24.575 
19.075 
30.286 
23.605 
29.071 
31.276 
28.681 
26.512 
35.534 
34.191 
39.749 
36.616 
36.847 
45.629 
33.525 
32.283 
34.076 
34.26 
38.731 
40.422 
39.174 
42.004 
42.647 
37.61 
40.538 
37.005 
39.154 
33.802 
34.572 
42.685 
35.967 
37.049 
39.813 
39.387 
41.457 
41.877 
41.622 
70.39 
63.495 
70.582 
76.177 
70.324 
77.651 
72.791 
79.961 
87.241 
87.273 
83.658 
81.795 
58.321 
86.925 
53.995 
63.269 
58.973 
57.082 
56.953 
56.707 
57.767 
63.45 
63.73 
58.952 
66.442 
63.056 
65.643 
66.638 
60.337 
63.721 
65.407 
65.522 
73.192 
66.055 
72.339 
69.624 
75.084 
65.359 
70.608 
64.395 
64.401 
68.833 
65.389 
70.754 
68.34 
68.864 
70.295 
66.337 
70.101 
71.69 
72.698 
62.772 
68.683 
69.386 
66.07 
66.343 
74.13 
68.172 
74.82 
67.352 
71.715 
79.502 
72.057 
74.387 
77.752 
71.842 
75.745 
72.706 
77.739 
76.549 
81.154 
86.749 
84.307 
81.804 
81.276 
93.258 
89.085 
92.865 
93.235 
84.677 
89.824 
88.043 
80.005 
83.671 
75.745 
82.326 
81.95 
84.279 
85.099 
80.979 
80.696 
79.75 
83.641 
82.979 
82.172 
84.896 
92.267 
85.117 
78.669 
95.98 
94.706 
91.87 
82.972 
91.988 
89.115 
88.806 
85.845 
92.999 
86.733 
91.732 
87.892 
86.092 
91.052 
92.578 
97.084 
93.127 
101.546 
98.123 
97.159 
105.175 
108.718 
110.771 
118.199 
115.318 
118.209 
121.401 
117.776 
121.608 
126.47 
119.886 
118.553 
131.307 
121.039 
117.67 
129.648 
125.103 
126.17 
129.24 
128.992 
128.643 
132.159 
130.099 
131.472 
118.857 
130.638 
128.671 
122.174 
115.438 
123.988 
114.666 
119.477 
124.467 
119.692 
119.618 
118.36 
130.729 
121.044 
120.737 
122.893 
126.563 
117.295 
117.613 
115.567 
122.079 
120.355 
128.377 
119.338 
121.065 
124.037 
127.042 
126.018 
119.923 
117.542 
133.443 
130.805 
116.573 
125.491 
123.681 
122.479 
117.638 
112.264 
116.889 
116.101 
122.772 
120.696 
117.309 
115.324 
120.052 
127.781 
116.766 
111.993 
118.108 
115.688 
113.583 
125.862 
111.745 
123.892 
127.169 
126.611 
125.184 
115.308 
118.728 
126.314 
127.516 
125.866 
119.285 
121.69 
125.296 
127.114 
123.134 
135.877 
124.9 
122.138 
124.891 
126.574 
134.035 
122.483 
125.672 
124.512 
131.929 
125.107 
122.057 
129.345 
129.147 
131.442 
133.638 
140.941 
141.952 
149.822 
142.714 
139.644 
139.778 
139.626 
142.953 
139.893 
142.781 
144.635 
143.187 
146.347 
145.475 
149.778 
147.625 
141.422 
138.268 
145.984 
142.989 
148.143 
148.249 
153.424 
149.497 
145.512 
147.777 
148.752 
150.997 
152.349 
151.931 
157.082 
155.776 
154.645 
164.504 
158.33 
161.295 
162.064 
156.478 
155.7 
162.009 
173.373 
172.099 
167.464 
170.138 
168.552 
167.318 
168.309 
160.053 
166.871 
162.045 
160.444 
163.819 
166.78 
161.126 
166.638 
165.72 
171.755 
164.455 
169.416 
168.778 
176.986 
172.832 
164.588 
162.249 
173.652 
173.752 
182.117 
169.686 
168.06 
168.729 
173.262 
165.705 
174.8 
172.606 
168.505 
165.728 
174.187 
163.909 
173.012 
165.105 
162.757 
161.216 
159.362 
158.927 
159.593 
169.915 
159.768 
160.008 
154.522 
163.158 
157.468 
158.915 
158.125 
153.525 
158.821 
157.788 
160.161 
159.436 
156.831 
159.273 
157.49 
165.997 
168.735 
168.033 
162.568 
166.968 
159.001 
167.743 
165.597 
175.018 
166.437 
166.031 
167.271 
167.722 
169.417 
161.056 
168.68 
172.852 
167.404 
170.53 
173.12 
171.884 
173.012 
169.611 
172.355 
191.225 
166.36 
175.342 
183.832 
174.078 
175.013 
180.156 
178.272 
178.969 
190.023 
196.246 
184.235 
196.741 
190.102 
200.376 
198.024 
188.82 
197.328 
193.118 
186.298 
202.651 
190.818 
196.537 
195.896 
188.95 
204.27 
205.748 
198.812 
203.684 
211.721 
209.15 
212.184 
212.086 
217.222 
215.999 
219.225 
210.572 
218.74 
225.321 
224.03 
216.812 
225.693 
211.83 
222.354 
219.702 
216.135 
226.126 
224.031 
219.733 
227.81 
232.287 
221.916 
215.963 
227.524 
222.936 
233.428 
229.693 
226.528 
227.991 
225.869 
216.664 
215.461 
226.219 
225.906 
217.605 
221.254 
218.518 
213.854 
214.213 
224.49 
212.371 
214.437 
208.278 
210.158 
216.524 
207.148 
203.673 
211.185 
207.089 
212.636 
204.297 
199.775 
208.442 
212.355 
202.674 
207.048 
209.699 
205.503 
200.48 
199.127 
197.056 
208.924 
200.298 
198.643 
205.999 
196.717 
210.935 
208.309 
209.847 
203.828 
200.75 
205.567 
200.784 
209.824 
205.896 
209.883 
206.246 
207.605 
209.693 
218.941 
210.427 
210.769 
204.607 
210.988 
214.02 
212.077 
213.64 
210.395 
207.534 
212.6 
208.619 
213.41 
208.492 
208.707 
208.359 
217.047 
213.65 
208.024 
207.04 
212.792 
211.485 
210.89 
213.082 
211.309 
214.352 
211.089 
210.169 
212.179 
211.709 
215.925 
215.339 
225.357 
277.07 
217.794 
276.718 
287.515 
281.973 
280.21 
277.906 
279.243 
283.546 
278.92 
282.546 
277.796 
284.258 
277.356 
278.067 
282.996 
276.016 
274.107 
281.396 
279.682 
278.986 
282.51 
282.056 
276.473 
279.662 
280.007 
279.886 
290.269 
280.912 
277.295 
283.322 
283.034 
289.226 
284.607 
286.874 
285.891 
285.523 
291.458 
288.943 
291.703 
290.887 
297.659 
295.618 
298.78 
291.487 
297.358 
292.811 
295.707 
303.294 
301.672 
305.913 
295.971 
302.191 
304.312 
302.225 
304.462 
296.847 
297.697 
301.456 
305.355 
298.505 
297.145 
293.664 
242.771 
296.318 
240.408 
238.667 
252.218 
248.967 
243.291 
250.377 
248.839 
255.054 
254.422 
260.778 
259.002 
258.969 
258.284 
260.725 
263.476 
256.524 
262.268 
262.226 
262.996 
264.857 
267.046 
264.928 
265.773 
269.728 
269.149 
268.527 
278.039 
275.972 
279.599 
273.168 
266.602 
278.942 
280.256 
285.431 
290.118 
292.109 
286.79 
288.471 
292.047 
293.649 
290.11 
292.721 
291.844 
303.479 
291.956 
306.054 
301.376 
306.69 
304.832 
299.062 
298.577 
300.684 
302.408 
302.987 
300.621 
314.13 
298.472 
308.558 
304.727 
311.255 
301.739 
306.043 
304.585 
312.967 
309.362 
307.964 
311.031 
308.175 
311.022 
306.516 
300.963 
304.564 
305.743 
305.688 
303.284 
313.426 
313.871 
308.314 
312.869 
316.511 
303.033 
305.973 
310.991 
306.119 
321.291 
320.207 
306.19 
309.323 
312.856 
315.472 
318.312 
320.459 
313.298 
316.731 
316.691 
326.429 
324.714 
323.691 
312.189 
328.977 
322.388 
315.934 
328.714 
327.717 
305.178 
316.353 
321.236 
328.994 
310.312 
313.729 
317.246 
308.041 
303.577 
309.044 
313.439 
309.51 
301.159 
306.994 
317.452 
312.289 
308.282 
303.497 
300.486 
308.001 
301.76 
303.618 
307.799 
305.355 
303.891 
300.97 
302.647 
301.682 
305.052 
308.532 
306.228 
307.507 
312.473 
308.189 
310.754 
302.2 
304.429 
298.263 
305.213 
301.86 
302.648 
321.302 
302.389 
306.838 
301.47 
304.81 
303.175 
307.836 
18.058 
312.298 
315.749 
308.81 
312.083 
313.592 
315.703 
319.065 
311.826 
317.715 
315.096 
313.538 
311.66 
313.022 
319.393 
309.52 
315.724 
315.792 
318.235 
312.327 
319.702 
319.103 
316.501 
314.718 
310.12 
315.834 
314.328 
317.958 
339.709 
326.27 
335.878 
327.564 
326.899 
327.757 
325.545 
335.34 
328.583 
330.524 
326.371 
330.694 
331.952 
334.102 
333.527 
340.368 
336.156 
336.943 
336.112 
335.94 
337.365 
336.68 
338.595 
339.187 
338.591 
344.963 
347.385 
340.242 
347.929 
346.572 
343.932 
340.073 
347.887 
333.578 
341.64 
333.371 
340.561 
338.684 
340.382 
333.595 
337.16 
336.757 
335.926 
341.266 
332.961 
339.978 
625.946 
336.423 
339.897 
351.578 
358.928 
340.396 
342.416 
346.457 
349.769 
349.045 
359.686 
355.269 
351.438 
355.156 
354.405 
349.834 
357.141 
361.009 
356.304 
359.607 
354.071 
358.822 
361.206 
362.289 
358.465 
358.355 
362.495 
361.941 
370.086 
366.485 
367.725 
365.795 
359.539 
371.932 
371.388 
373.188 
362.313 
367.801 
364.26 
372.642 
373.991 
369.681 
372.018 
367.842 
376.217 
371.484 
367.004 
365.269 
364.142 
369.361 
371.0 
375.005 
365.168 
372.754 
373.505 
375.225 
366.999 
368.674 
372.029 
378.355 
383.778 
381.817 
383.033 
378.547 
379.741 
386.213 
397.218 
393.728 
388.88 
387.072 
393.721 
390.621 
391.463 
397.397 
394.328 
393.762 
386.894 
398.108 
396.588 
399.069 
386.281 
391.951 
400.596 
393.644 
405.485 
394.784 
397.925 
399.192 
396.503 
405.049 
404.143 
402.833 
405.472 
404.508 
409.242 
399.495 
403.209 
408.149 
401.347 
395.688 
401.736 
407.6 
406.104 
402.184 
403.808 
403.615 
408.91 
395.42 
400.118 
408.547 
398.102 
404.08 
406.794 
403.968 
411.756 
399.486 
408.172 
413.239 
409.467 
409.34 
409.826 
404.893 
412.548 
407.563 
412.298 
403.353 
410.097 
407.62 
405.949 
401.323 
405.071 
416.476 
409.954 
415.016 
405.12 
410.605 
403.106 
402.143 
405.665 
401.484 
399.435 
396.903 
398.643 
395.916 
398.405 
395.207 
393.51 
396.579 
390.137 
392.4 
392.157 
395.953 
394.187 
398.191 
406.678 
403.564 
402.094 
395.566 
400.98 
399.338 
399.481 
403.772 
402.746 
391.294 
402.38 
397.96 
386.903 
391.185 
397.06 
396.675 
392.007 
406.406 
402.821 
397.045 
398.392 
399.892 
398.739 
403.932 
399.677 
405.854 
405.318 
404.469 
409.048 
408.472 
406.304 
413.543 
417.155 
408.722 
408.684 
418.464 
414.077 
410.385 
416.427 
411.673 
411.728 
493.693 
487.371 
490.096 
490.326 
484.945 
496.951 
491.565 
497.058 
493.594 
493.496 
492.695 
501.376 
488.562 
504.385 
492.442 
489.176 
488.697 
487.987 
497.188 
485.416 
488.187 
487.434 
487.544 
491.476 
488.028 
484.895 
488.716 
494.334 
489.086 
493.936 
491.524 
491.637 
485.797 
494.834 
493.48 
495.754 
495.445 
491.872 
492.034 
494.953 
498.074 
499.594 
495.746 
490.893 
498.321 
494.632 
500.215 
493.094 
499.634 
500.795 
505.597 
509.067 
508.471 
510.324 
511.717 
509.79 
501.527 
507.763 
509.145 
514.458 
509.837 
509.615 
520.185 
513.883 
508.663 
511.793 
511.117 
508.465 
513.982 
523.369 
517.224 
516.093 
525.431 
521.057 
514.276 
518.196 
512.853 
515.704 
516.519 
511.403 
513.193 
512.849 
513.315 
519.226 
515.338 
509.844 
514.117 
514.449 
512.034 
508.595 
512.219 
507.77 
503.962 
505.836 
518.378 
503.515 
514.929 
508.14 
506.261 
505.573 
505.501 
511.178 
509.188 
505.764 
511.308 
510.852 
520.72 
512.395 
531.205 
523.228 
451.114 
441.404 
444.458 
441.599 
444.867 
438.473 
445.34 
450.88 
446.471 
446.42 
441.089 
439.258 
440.038 
442.499 
439.836 
444.244 
440.699 
446.528 
441.499 
441.134 
445.64 
440.719 
436.541 
438.321 
446.555 
445.189 
444.435 
437.267 
442.26 
444.118 
440.784 
433.615 
441.398 
438.569 
439.144 
439.398 
435.242 
440.945 
447.672 
438.906 
441.569 
441.682 
438.633 
443.119 
444.37 
443.647 
440.452 
443.354 
440.843 
439.029 
442.988 
434.785 
437.591 
438.144 
443.021 
438.468 
450.279 
436.14 
443.342 
432.886 
431.707 
433.204 
430.021 
439.099 
422.977 
429.85 
424.205 
425.32 
422.814 
422.536 
419.182 
421.163 
417.515 
418.662 
410.266 
416.334 
407.676 
409.239 
409.516 
410.728 
410.569 
407.136 
410.987 
410.536 
411.654 
407.448 
411.146 
404.871 
407.734 
403.242 
403.838 
406.578 
404.062 
401.278 
401.699 
400.5 
403.543 
395.562 
398.293 
402.407 
399.009 
399.689 
400.279 
395.449 
398.158 
403.841 
394.612 
393.139 
394.341 
405.039 
394.199 
393.865 
393.1 
387.876 
391.272 
394.012 
389.168 
386.403 
390.903 
383.509 
383.064 
389.057 
387.181 
384.756 
381.301 
380.746 
382.657 
377.92 
381.375 
378.322 
382.586 
375.687 
373.65 
374.249 
371.665 
380.236 
374.59 
368.459 
371.721 
370.797 
374.859 
371.318 
368.73 
366.22 
374.526 
367.024 
365.709 
364.048 
361.027 
360.695 
359.503 
361.554 
361.014 
370.664 
362.372 
364.022 
359.728 
360.001 
369.348 
361.075 
367.503 
361.113 
364.624 
360.979 
363.8 
362.84 
371.757 
365.13 
360.355 
357.437 
362.751 
360.607 
356.73 
358.3 
356.232 
351.117 
348.404 
349.758 
348.48 
347.271 
351.411 
348.284 
347.933 
347.859 
347.17 
349.125 
353.611 
346.604 
341.659 
349.99 
349.999 
344.418 
342.056 
345.339 
341.441 
340.232 
341.026 
339.217 
338.734 
338.61 
331.548 
339.453 
337.531 
335.562 
331.789 
334.816 
334.349 
330.361 
334.432 
330.325 
329.553 
327.293 
324.489 
327.343 
321.534 
323.743 
320.144 
321.799 
316.809 
316.34 
320.747 
314.869 
319.344 
317.799 
309.782 
313.299 
313.309 
308.402 
311.309 
309.897 
309.402 
303.633 
309.194 
305.73 
303.742 
307.386 
305.049 
305.83 
302.65 
303.867 
301.064 
305.226 
298.142 
294.826 
298.482 
292.96 
291.796 
289.869 
291.109 
293.73 
292.89 
288.817 
286.689 
284.968 
293.136 
286.063 
278.544 
283.105 
285.491 
282.088 
279.185 
282.874 
277.899 
273.875 
277.449 
271.864 
273.44 
276.203 
272.149 
267.555 
275.739 
268.737 
274.356 
265.562 
264.698 
265.531 
265.949 
265.726 
255.678 
251.994 
258.564 
254.209 
261.278 
253.751 
255.006 
249.843 
251.304 
253.869 
248.911 
249.504 
243.144 
251.662 
246.159 
247.858 
241.538 
247.122 
241.773 
247.176 
240.465 
246.718 
235.325 
240.734 
239.358 
234.654 
234.447 
232.649 
239.703 
231.109 
228.625 
224.99 
231.734 
224.067 
228.755 
228.125 
223.131 
224.769 
227.304 
220.406 
217.386 
213.891 
215.884 
213.818 
213.059 
215.203 
209.005 
212.384 
211.139 
210.54 
209.986 
210.428 
207.912 
196.755 
188.274 
182.843 
183.208 
179.43 
179.325 
177.146 
176.016 
171.999 
177.715 
168.568 
177.276 
165.274 
163.616 
165.675 
163.331 
160.185 
157.449 
147.56 
123.716 
122.982 
112.076 
119.632 
112.459 
111.24 
100.731 
97.946 
105.122 
95.015 
99.644 
91.242 
97.994 
91.948 
83.125 
58.788 
52.405 
51.666 
45.814 
52.413 
36.844 
28.261 
26.303 
6.48 
4.897 
3.603 
3.818 
3.151 
1.887 
2.116 
1.931 
1.77 
1.768 
1.745 
1.841 
1.654 
1.783 
1.965 
1.882 
1.65 
1.819 
1.746 
3.092 
2.814 
1.772 
2.041 
2.26 
4.046 
2.375 
3.304 
2.483 
1.765 
1.741 
3.09 
2.52 
2.116 
2.277 
1.777 
1.85 
1.726 
1.794 
1.802 
2.27 
2.11 
2.021 
1.877 
1.892 
1.96 
1.771 
2.011 
