17.996 
22.189 
23.576 
22.758 
22.151 
24.228 
23.629 
32.197 
24.896 
33.392 
25.846 
21.869 
28.609 
31.956 
28.779 
28.289 
27.976 
30.459 
28.259 
41.253 
34.215 
33.025 
36.856 
33.748 
46.71 
47.812 
36.728 
41.803 
46.233 
37.015 
42.798 
39.054 
39.838 
44.521 
35.438 
35.886 
33.745 
35.072 
35.458 
63.669 
41.035 
37.256 
35.542 
44.968 
56.88 
40.143 
59.611 
66.937 
70.663 
69.881 
69.39 
66.176 
76.695 
50.912 
85.868 
50.153 
48.073 
48.86 
48.942 
53.656 
44.473 
62.205 
57.507 
56.542 
54.371 
47.974 
62.051 
64.768 
62.799 
50.975 
61.797 
55.88 
63.639 
52.243 
60.072 
53.461 
69.822 
65.072 
70.977 
65.058 
60.692 
54.896 
56.513 
63.358 
67.321 
67.976 
64.618 
68.3 
72.552 
66.788 
63.601 
72.571 
72.88 
68.914 
69.874 
69.217 
72.131 
68.682 
88.932 
68.13 
77.612 
84.828 
82.63 
78.501 
72.276 
74.359 
83.761 
81.051 
71.93 
80.416 
84.715 
86.249 
83.742 
84.661 
83.537 
77.479 
81.738 
81.548 
82.079 
78.945 
84.871 
81.453 
83.996 
86.399 
75.867 
92.304 
78.132 
84.79 
84.864 
79.507 
72.377 
76.402 
82.146 
83.417 
85.851 
84.62 
79.267 
86.758 
82.498 
75.82 
89.908 
84.454 
79.302 
75.619 
83.718 
89.299 
84.5 
75.262 
97.375 
89.169 
90.832 
96.343 
85.222 
85.22 
95.013 
84.892 
92.414 
85.685 
92.185 
91.885 
94.86 
85.725 
92.117 
93.44 
97.389 
96.738 
93.62 
92.305 
106.75 
98.187 
95.627 
93.242 
98.75 
100.31 
98.209 
95.893 
100.858 
90.806 
99.896 
99.864 
99.14 
98.552 
100.04 
105.81 
106.828 
104.913 
110.974 
104.137 
115.534 
105.959 
106.362 
102.917 
107.464 
111.679 
108.433 
115.467 
115.646 
110.991 
112.406 
115.593 
105.358 
113.932 
111.72 
113.595 
119.793 
114.002 
115.278 
112.363 
112.696 
117.235 
108.697 
116.579 
113.119 
115.142 
112.001 
115.886 
108.3 
108.565 
115.441 
111.621 
112.289 
107.109 
111.765 
114.921 
107.533 
110.73 
113.248 
116.004 
110.929 
119.336 
113.32 
121.082 
122.233 
113.722 
115.122 
116.029 
119.729 
126.733 
126.764 
123.346 
119.094 
124.532 
118.017 
123.256 
115.388 
121.052 
120.328 
127.403 
121.735 
123.83 
122.404 
147.374 
122.504 
128.973 
137.262 
131.106 
135.607 
133.357 
131.584 
134.843 
137.574 
138.67 
131.547 
135.951 
142.734 
135.462 
139.155 
132.634 
129.645 
141.769 
140.929 
139.952 
144.908 
141.403 
140.103 
138.465 
151.47 
147.97 
146.3 
135.047 
148.97 
144.425 
153.122 
147.085 
143.538 
148.189 
153.415 
150.737 
152.182 
149.183 
147.212 
154.965 
157.826 
152.944 
156.64 
161.072 
155.652 
155.196 
151.331 
156.876 
167.791 
154.313 
157.96 
167.549 
163.887 
156.569 
161.765 
162.315 
170.972 
167.496 
169.113 
161.656 
176.568 
173.01 
170.605 
170.02 
166.014 
183.923 
181.384 
175.803 
187.172 
173.253 
171.101 
180.12 
182.148 
176.647 
181.468 
179.998 
180.713 
181.442 
177.489 
183.74 
183.508 
177.018 
184.645 
180.928 
185.25 
180.046 
183.627 
182.761 
179.649 
175.922 
184.859 
182.725 
185.475 
187.502 
186.397 
187.765 
181.638 
179.105 
187.663 
176.547 
180.122 
181.876 
187.983 
193.934 
193.859 
188.031 
183.6 
186.374 
196.42 
186.594 
184.161 
188.933 
192.57 
185.208 
179.754 
193.359 
184.893 
188.066 
190.806 
199.141 
186.866 
191.309 
189.389 
194.404 
192.911 
192.254 
189.36 
185.913 
198.553 
196.457 
194.623 
190.784 
196.29 
192.748 
194.372 
206.829 
193.942 
197.197 
190.526 
202.926 
194.979 
195.023 
193.828 
192.181 
195.666 
200.784 
201.487 
197.243 
198.932 
198.783 
201.879 
200.429 
190.892 
196.968 
193.315 
192.923 
210.285 
204.029 
200.014 
198.399 
204.638 
203.048 
207.186 
200.567 
201.201 
205.388 
202.468 
205.557 
198.731 
200.699 
209.093 
210.93 
210.44 
206.994 
220.049 
209.046 
215.732 
214.212 
218.313 
212.718 
224.576 
225.414 
219.795 
221.858 
217.841 
218.778 
211.022 
219.872 
228.587 
219.883 
227.778 
223.87 
224.781 
229.711 
236.488 
236.832 
231.442 
234.823 
235.896 
234.295 
234.57 
230.098 
239.409 
233.883 
232.554 
239.956 
227.781 
234.836 
231.567 
236.006 
239.612 
231.545 
234.805 
234.034 
242.879 
236.755 
243.079 
239.081 
247.913 
237.279 
254.43 
247.906 
244.711 
242.7 
243.542 
247.542 
247.475 
242.435 
248.72 
249.056 
252.015 
241.461 
241.32 
243.103 
247.32 
247.653 
244.746 
246.171 
250.667 
245.827 
242.354 
245.051 
247.281 
244.632 
242.928 
253.723 
253.099 
241.208 
252.435 
255.774 
253.579 
244.927 
243.861 
252.979 
248.19 
244.175 
258.219 
268.091 
267.033 
258.707 
255.879 
257.272 
254.368 
259.009 
255.245 
258.296 
261.141 
258.899 
265.668 
321.208 
327.626 
329.839 
324.797 
326.152 
326.117 
324.741 
339.081 
332.163 
323.48 
324.625 
325.005 
339.639 
328.916 
323.315 
323.33 
322.544 
330.792 
322.926 
336.088 
328.831 
325.128 
332.465 
326.283 
331.422 
341.729 
325.802 
334.407 
329.425 
328.317 
327.674 
331.135 
323.64 
333.485 
334.05 
332.443 
339.684 
340.233 
326.628 
333.582 
325.628 
332.748 
331.535 
329.884 
336.999 
335.359 
323.052 
328.693 
337.958 
328.206 
330.284 
330.921 
336.585 
340.568 
336.314 
329.38 
337.273 
335.196 
331.454 
328.68 
329.558 
331.728 
329.894 
265.471 
271.561 
330.101 
270.522 
270.287 
272.031 
267.318 
275.082 
270.582 
273.714 
282.209 
273.078 
292.704 
284.279 
279.916 
276.098 
281.6 
282.241 
287.263 
287.135 
284.237 
279.748 
282.379 
284.509 
290.467 
294.248 
291.972 
279.972 
298.303 
296.427 
297.06 
298.369 
300.588 
304.512 
302.93 
297.884 
306.97 
306.576 
302.605 
303.473 
302.439 
309.711 
310.256 
307.751 
309.921 
300.374 
299.508 
318.798 
314.735 
308.393 
311.26 
334.248 
312.878 
319.62 
322.851 
320.521 
315.124 
317.794 
322.583 
318.58 
320.146 
323.326 
329.702 
322.788 
335.565 
329.494 
343.292 
333.697 
328.499 
339.255 
327.947 
327.727 
342.875 
325.814 
336.699 
338.94 
337.113 
341.814 
341.179 
335.117 
337.861 
336.597 
338.909 
334.931 
331.252 
338.112 
334.709 
342.681 
335.669 
344.973 
343.177 
340.16 
341.337 
349.311 
348.934 
350.541 
358.038 
349.15 
347.409 
352.219 
351.93 
357.321 
351.848 
351.979 
353.224 
352.925 
347.094 
354.783 
337.045 
357.536 
348.311 
352.708 
350.0 
350.145 
357.215 
358.004 
358.881 
360.064 
359.276 
359.263 
360.189 
360.453 
361.875 
365.759 
356.105 
364.545 
352.647 
361.006 
368.217 
374.605 
366.633 
360.448 
358.079 
368.132 
372.813 
366.132 
367.877 
362.497 
366.271 
383.026 
374.835 
369.551 
369.491 
379.587 
374.624 
366.388 
377.035 
365.25 
371.497 
391.521 
386.003 
379.368 
391.525 
385.667 
385.987 
376.948 
383.34 
373.553 
379.23 
381.564 
379.771 
381.264 
384.763 
375.575 
379.805 
380.877 
386.899 
389.827 
393.841 
393.994 
402.461 
393.335 
394.205 
395.391 
394.188 
397.889 
394.254 
397.023 
401.525 
397.608 
399.882 
401.399 
399.866 
396.247 
409.16 
398.84 
404.221 
396.759 
395.788 
402.679 
403.902 
400.803 
404.344 
400.661 
403.714 
404.347 
392.879 
408.234 
401.707 
408.571 
392.896 
404.714 
395.556 
405.427 
396.938 
411.544 
397.081 
396.112 
397.728 
401.077 
394.405 
399.457 
400.16 
405.147 
409.447 
404.081 
405.982 
408.179 
400.877 
409.825 
409.861 
408.011 
416.613 
400.656 
404.932 
407.376 
419.204 
401.058 
408.917 
406.592 
407.394 
407.98 
400.157 
412.816 
403.311 
409.343 
410.671 
414.697 
404.615 
408.904 
401.631 
404.905 
416.097 
413.369 
417.963 
424.075 
420.662 
426.722 
414.017 
415.323 
426.249 
418.471 
412.733 
419.344 
418.794 
404.306 
419.077 
416.979 
418.056 
424.434 
416.491 
421.711 
428.148 
416.843 
422.348 
418.563 
424.801 
420.881 
415.091 
420.066 
424.845 
430.526 
422.284 
424.679 
417.88 
418.273 
426.35 
435.897 
422.49 
422.325 
434.925 
429.255 
437.12 
426.077 
427.626 
435.059 
426.393 
426.682 
426.735 
431.417 
432.584 
439.271 
425.673 
433.566 
432.527 
433.319 
437.978 
438.152 
440.962 
442.644 
441.908 
442.616 
446.885 
448.015 
442.422 
450.664 
446.059 
446.46 
450.373 
440.914 
450.139 
443.4 
456.156 
447.686 
458.408 
456.768 
450.395 
454.561 
450.272 
466.195 
464.838 
466.418 
472.523 
467.715 
469.755 
464.315 
474.801 
458.504 
468.148 
477.884 
468.164 
466.691 
473.262 
476.857 
465.3 
470.231 
472.348 
469.395 
469.151 
472.173 
477.503 
469.999 
463.943 
470.309 
461.969 
466.189 
477.319 
469.282 
471.513 
474.577 
481.774 
477.743 
475.002 
476.007 
482.634 
479.165 
482.909 
478.243 
480.967 
481.035 
485.822 
480.138 
491.798 
491.555 
484.94 
491.431 
490.757 
487.473 
488.168 
499.18 
512.654 
502.296 
489.303 
505.924 
501.879 
509.258 
500.459 
493.872 
502.668 
499.768 
592.051 
587.473 
600.237 
592.688 
595.036 
595.017 
590.214 
592.568 
587.052 
592.827 
601.997 
590.415 
590.044 
598.884 
601.813 
590.907 
604.693 
598.396 
607.228 
598.133 
596.818 
594.717 
600.35 
606.242 
610.073 
607.524 
603.466 
608.397 
604.44 
605.124 
602.197 
603.857 
604.342 
601.571 
596.389 
603.822 
604.589 
604.533 
601.885 
599.4 
608.128 
609.358 
618.639 
601.476 
612.494 
609.909 
612.44 
623.071 
618.97 
616.904 
620.757 
628.153 
627.506 
615.102 
615.837 
620.433 
630.706 
631.818 
619.58 
631.79 
630.24 
625.132 
623.007 
625.939 
610.874 
617.13 
609.803 
612.255 
610.473 
615.248 
615.458 
610.447 
613.971 
616.531 
621.74 
612.079 
623.46 
618.335 
621.795 
624.039 
616.251 
617.132 
608.906 
619.097 
621.203 
620.544 
612.986 
614.848 
622.087 
616.51 
612.568 
610.668 
602.55 
615.951 
614.132 
614.94 
611.91 
629.624 
618.451 
619.47 
623.682 
619.974 
624.456 
615.92 
616.423 
629.649 
628.76 
629.204 
629.125 
619.036 
622.026 
619.728 
617.329 
609.649 
627.36 
621.271 
626.086 
627.168 
630.603 
537.271 
541.167 
634.39 
547.31 
547.6 
544.126 
543.203 
540.831 
536.927 
542.025 
537.996 
538.572 
542.029 
543.899 
546.516 
541.422 
544.581 
543.313 
542.927 
540.012 
558.122 
548.933 
558.277 
550.141 
553.641 
549.962 
551.36 
548.662 
551.37 
554.892 
565.501 
549.609 
556.32 
553.642 
556.912 
548.492 
556.933 
553.979 
564.163 
556.478 
550.715 
558.367 
552.476 
558.914 
556.398 
545.527 
551.185 
548.57 
564.205 
543.619 
547.943 
556.131 
557.556 
558.966 
546.187 
549.59 
558.656 
556.415 
558.532 
550.339 
561.521 
553.727 
565.313 
555.72 
564.982 
557.931 
562.995 
561.933 
563.498 
566.531 
574.961 
574.417 
574.685 
576.292 
568.981 
570.159 
571.979 
575.568 
573.812 
576.881 
581.703 
578.039 
574.966 
583.075 
582.309 
578.137 
580.605 
572.035 
575.156 
573.447 
572.748 
563.226 
571.804 
569.838 
568.71 
580.628 
572.828 
566.974 
573.286 
576.769 
570.633 
569.795 
577.852 
582.158 
573.871 
601.299 
589.915 
585.975 
580.777 
594.958 
590.009 
588.514 
579.831 
585.38 
583.193 
578.428 
585.49 
581.853 
584.156 
581.7 
588.526 
581.064 
587.13 
583.496 
581.842 
582.543 
591.528 
585.038 
581.978 
584.55 
585.949 
585.468 
586.082 
583.548 
586.426 
592.497 
585.812 
588.323 
592.618 
587.836 
589.337 
586.379 
580.582 
582.976 
588.179 
588.133 
586.414 
571.254 
579.826 
577.309 
584.925 
597.051 
579.763 
583.968 
583.585 
600.078 
587.565 
594.726 
594.156 
599.835 
589.058 
601.844 
598.545 
604.339 
601.571 
601.49 
606.618 
604.174 
605.636 
597.696 
599.437 
605.108 
607.525 
600.887 
606.333 
600.325 
598.808 
601.351 
609.102 
606.479 
605.397 
606.858 
604.414 
609.955 
603.464 
595.927 
618.514 
613.217 
608.527 
600.39 
607.187 
606.046 
601.962 
616.101 
619.372 
616.852 
618.14 
612.777 
612.937 
607.201 
609.766 
620.508 
617.909 
607.76 
620.316 
606.752 
620.778 
615.939 
604.495 
612.717 
614.666 
609.495 
604.929 
607.073 
607.244 
608.966 
606.995 
614.029 
612.776 
622.337 
620.826 
616.508 
617.746 
629.758 
628.907 
618.804 
630.34 
630.662 
622.132 
633.997 
629.159 
637.134 
630.511 
623.535 
627.202 
634.516 
627.224 
621.07 
632.561 
619.931 
616.136 
622.09 
618.759 
627.125 
624.13 
624.251 
625.997 
631.779 
623.63 
631.796 
628.028 
631.477 
641.015 
647.176 
633.698 
630.414 
634.933 
647.081 
634.446 
633.704 
638.27 
644.772 
638.096 
641.519 
653.348 
642.61 
651.033 
649.792 
645.557 
644.355 
652.594 
647.818 
646.446 
655.304 
649.011 
655.539 
653.529 
656.475 
648.813 
665.554 
659.878 
674.594 
664.583 
657.47 
661.057 
665.477 
667.534 
666.374 
668.793 
677.499 
671.573 
662.609 
661.653 
666.856 
671.419 
673.525 
671.382 
668.886 
675.474 
677.343 
665.179 
668.976 
664.976 
679.373 
680.317 
672.619 
684.987 
676.699 
684.115 
675.003 
677.238 
691.043 
681.981 
685.434 
677.107 
684.369 
684.873 
683.327 
679.809 
696.402 
698.344 
691.495 
690.307 
707.102 
700.427 
700.586 
699.546 
699.135 
699.87 
698.053 
698.416 
708.015 
708.858 
708.796 
702.508 
701.267 
693.726 
696.301 
707.848 
691.546 
699.793 
704.465 
698.444 
699.16 
692.428 
697.959 
694.404 
702.452 
700.193 
696.547 
699.398 
694.155 
702.083 
694.863 
696.211 
705.706 
708.833 
698.253 
698.111 
701.917 
709.009 
705.141 
710.013 
709.887 
711.735 
713.796 
713.158 
709.099 
710.459 
711.63 
715.152 
709.278 
711.922 
718.759 
721.854 
718.891 
717.41 
721.798 
718.575 
724.999 
711.222 
723.76 
736.632 
814.916 
722.836 
806.623 
822.649 
821.169 
806.469 
816.329 
815.736 
813.903 
811.13 
808.152 
812.816 
812.419 
817.416 
818.936 
815.872 
812.858 
810.779 
818.658 
809.9 
807.057 
804.455 
802.126 
806.818 
813.845 
814.051 
803.235 
809.867 
809.302 
808.07 
808.685 
805.344 
807.064 
810.394 
801.662 
804.7 
807.132 
807.709 
818.056 
814.0 
805.04 
815.049 
820.759 
817.013 
810.009 
806.917 
810.148 
815.739 
817.633 
816.797 
810.79 
811.123 
819.364 
819.618 
823.117 
817.562 
818.523 
822.551 
817.074 
818.69 
827.487 
830.787 
813.042 
813.015 
815.047 
823.48 
816.637 
821.37 
820.618 
817.057 
819.331 
817.874 
812.496 
819.602 
821.784 
815.777 
817.825 
811.874 
831.366 
816.33 
817.648 
833.982 
816.061 
811.961 
820.873 
828.129 
826.948 
820.734 
825.892 
830.986 
828.364 
828.529 
833.82 
842.342 
830.194 
837.296 
833.296 
835.229 
835.442 
837.092 
835.349 
844.269 
848.924 
842.117 
836.922 
849.94 
842.675 
845.582 
839.104 
838.513 
834.377 
839.33 
833.09 
838.921 
837.387 
847.708 
838.641 
835.833 
844.194 
837.958 
851.306 
853.958 
858.526 
858.801 
867.103 
873.096 
855.178 
862.601 
871.933 
868.543 
885.412 
877.489 
864.479 
863.043 
870.384 
862.17 
868.01 
869.678 
870.014 
856.973 
870.027 
865.136 
864.537 
870.793 
870.286 
871.587 
872.78 
864.93 
869.655 
866.02 
877.711 
878.707 
881.528 
878.015 
881.186 
883.984 
874.169 
866.878 
873.529 
891.326 
795.962 
796.038 
796.222 
887.495 
799.46 
808.398 
800.835 
809.882 
800.949 
797.722 
801.883 
801.442 
804.498 
802.211 
803.502 
807.615 
818.896 
811.467 
811.172 
822.369 
813.315 
808.466 
808.298 
812.04 
811.323 
804.164 
812.399 
816.869 
811.995 
813.224 
800.921 
804.95 
810.15 
801.795 
803.949 
806.29 
806.151 
810.56 
812.65 
817.725 
812.303 
811.252 
809.984 
811.106 
811.793 
810.672 
808.721 
805.608 
813.948 
818.697 
799.949 
806.131 
794.39 
796.448 
799.825 
810.569 
790.108 
812.577 
795.874 
812.377 
802.146 
807.263 
802.466 
812.067 
812.077 
812.233 
803.451 
807.1 
805.872 
816.324 
806.331 
810.99 
806.465 
807.551 
808.807 
809.065 
806.036 
800.304 
793.162 
808.282 
806.262 
800.675 
800.515 
793.438 
800.989 
790.607 
797.086 
786.072 
792.886 
795.9 
787.674 
789.027 
799.212 
789.446 
788.605 
791.06 
788.897 
790.775 
784.624 
795.815 
806.276 
794.852 
784.631 
783.975 
782.765 
787.483 
778.987 
776.979 
775.836 
790.101 
781.417 
767.137 
781.534 
779.75 
771.039 
767.861 
771.245 
774.048 
776.071 
767.089 
771.419 
774.913 
768.924 
775.323 
763.853 
766.688 
762.38 
768.984 
775.848 
775.72 
767.504 
768.881 
768.401 
766.096 
760.468 
769.26 
761.43 
771.563 
756.422 
762.844 
755.717 
743.236 
751.123 
752.867 
750.637 
740.404 
746.054 
742.885 
725.989 
728.428 
745.74 
734.301 
725.93 
735.586 
740.358 
730.855 
717.452 
722.974 
732.863 
717.975 
724.187 
728.655 
717.203 
722.917 
721.307 
707.186 
720.705 
715.883 
715.581 
715.104 
727.292 
716.162 
713.834 
705.349 
718.323 
705.808 
704.543 
711.82 
718.44 
704.857 
711.925 
724.553 
711.67 
715.553 
719.158 
713.025 
698.296 
707.039 
699.861 
723.129 
697.265 
714.083 
694.861 
692.701 
696.599 
692.363 
691.971 
685.722 
707.777 
698.13 
698.035 
689.758 
698.91 
686.73 
685.329 
685.132 
678.491 
674.879 
681.117 
685.702 
681.187 
678.776 
679.898 
677.364 
678.081 
674.223 
677.473 
678.557 
674.233 
683.558 
678.891 
678.655 
678.989 
676.341 
675.524 
670.929 
667.916 
672.187 
668.078 
664.171 
665.532 
669.58 
668.621 
660.914 
660.683 
658.167 
669.344 
664.027 
658.507 
655.347 
665.859 
665.038 
648.947 
660.403 
651.571 
656.006 
659.927 
659.217 
667.974 
641.441 
654.742 
648.969 
660.76 
649.136 
653.258 
656.761 
650.009 
646.466 
648.779 
654.676 
641.364 
650.066 
641.565 
637.4 
629.296 
646.396 
628.382 
629.162 
640.815 
635.516 
630.271 
638.089 
630.232 
630.574 
627.855 
624.997 
628.55 
627.466 
629.413 
624.512 
633.359 
626.222 
634.816 
634.381 
630.527 
625.839 
630.905 
614.024 
620.49 
621.62 
602.409 
618.157 
606.123 
620.436 
615.577 
608.787 
609.259 
629.326 
609.059 
605.846 
602.376 
602.777 
605.94 
597.157 
595.771 
602.052 
593.94 
590.945 
592.498 
595.333 
591.171 
590.303 
589.261 
591.361 
593.739 
589.309 
578.187 
582.914 
587.162 
581.47 
577.877 
582.875 
587.055 
570.959 
587.066 
554.636 
562.323 
578.596 
571.882 
564.932 
570.642 
573.572 
554.128 
547.962 
551.046 
562.217 
563.353 
574.555 
550.119 
577.506 
558.155 
573.33 
552.24 
560.94 
566.125 
566.424 
563.498 
568.716 
570.15 
549.593 
555.926 
548.718 
553.363 
540.992 
546.767 
550.233 
539.672 
548.574 
542.816 
546.223 
552.353 
540.647 
539.467 
537.31 
542.458 
539.572 
528.906 
530.797 
535.211 
544.432 
548.394 
543.63 
540.632 
521.991 
523.159 
534.256 
518.994 
527.708 
508.142 
506.814 
526.059 
502.643 
508.576 
511.95 
521.421 
522.505 
508.062 
512.735 
506.054 
503.266 
494.299 
498.188 
501.625 
499.408 
504.329 
488.621 
500.64 
496.998 
501.426 
497.94 
497.391 
487.735 
501.665 
493.778 
470.305 
480.723 
485.352 
477.432 
485.775 
482.072 
470.479 
475.365 
470.918 
478.534 
488.042 
485.339 
486.032 
480.908 
482.999 
481.033 
480.586 
469.631 
467.694 
473.998 
464.376 
466.316 
460.141 
466.409 
460.993 
464.078 
462.87 
464.516 
456.082 
463.075 
466.624 
457.411 
461.44 
465.785 
449.796 
456.984 
441.007 
437.376 
456.388 
446.553 
457.21 
447.045 
460.302 
454.516 
458.273 
437.776 
460.743 
447.256 
457.821 
453.274 
442.455 
437.693 
441.563 
435.459 
449.762 
434.451 
434.142 
440.867 
432.887 
435.53 
429.704 
425.946 
427.834 
433.611 
427.728 
424.037 
427.539 
421.195 
422.434 
424.774 
418.641 
423.613 
415.494 
416.218 
422.291 
419.568 
412.558 
411.715 
407.873 
414.67 
400.632 
405.674 
398.47 
396.448 
398.106 
396.239 
389.891 
393.249 
400.703 
398.854 
394.18 
398.027 
390.422 
387.995 
385.385 
375.961 
383.011 
383.754 
375.661 
385.811 
373.707 
385.016 
363.49 
375.411 
365.283 
370.402 
389.64 
375.324 
362.772 
360.482 
358.736 
341.005 
343.103 
346.037 
341.007 
341.749 
344.857 
330.44 
336.498 
335.469 
333.42 
328.766 
325.71 
326.907 
323.41 
318.306 
321.47 
315.351 
325.75 
322.711 
317.607 
303.501 
312.148 
305.734 
317.206 
300.483 
297.263 
289.721 
301.68 
299.574 
276.351 
280.129 
271.475 
268.016 
274.801 
263.143 
258.307 
264.35 
246.951 
249.861 
255.772 
243.036 
240.431 
242.008 
238.365 
239.323 
245.504 
232.279 
219.806 
239.833 
226.928 
190.694 
203.722 
215.146 
222.053 
204.979 
221.127 
172.343 
192.397 
182.559 
201.522 
184.717 
191.814 
124.163 
139.596 
57.975 
51.408 
107.03 
103.782 
171.292 
93.11 
50.914 
92.196 
5.842 
141.314 
10.772 
3.623 
3.55 
6.452 
6.391 
2.018 
3.547 
2.764 
3.248 
2.426 
1.847 
2.69 
1.974 
1.769 
1.785 
2.006 
1.965 
2.47 
1.933 
1.786 
2.141 
3.035 
2.63 
1.93 
1.765 
1.751 
2.435 
4.399 
6.273 
4.116 
1.86 
1.861 
1.97 
1.868 
2.06 
1.803 
1.752 
4.121 
2.958 
1.797 
2.039 
1.734 
1.933 
1.763 
1.809 
1.804 
2.061 
