17.98 
16.725 
25.511 
17.737 
22.056 
22.014 
26.251 
23.159 
25.377 
22.17 
18.591 
33.085 
24.179 
27.997 
26.897 
30.145 
30.163 
33.152 
34.061 
29.247 
32.22 
31.266 
27.385 
31.17 
35.151 
30.887 
26.512 
37.031 
32.795 
31.205 
37.569 
33.832 
35.848 
32.209 
33.274 
37.738 
33.026 
36.125 
35.248 
30.789 
31.158 
34.6 
32.294 
32.452 
31.617 
39.866 
39.439 
37.903 
33.45 
41.079 
35.218 
36.161 
39.71 
37.421 
44.292 
39.992 
44.929 
37.297 
43.996 
43.551 
39.324 
42.321 
40.566 
45.005 
43.385 
55.869 
44.476 
40.384 
43.674 
50.086 
47.145 
57.651 
45.354 
57.501 
51.004 
54.763 
52.055 
57.11 
61.804 
53.753 
54.434 
50.841 
63.683 
52.534 
53.942 
62.345 
65.94 
54.223 
59.397 
55.305 
55.418 
53.589 
58.237 
54.463 
51.335 
52.181 
55.854 
60.389 
52.573 
54.926 
54.198 
47.942 
52.512 
48.916 
53.775 
56.829 
57.281 
57.947 
54.183 
57.696 
53.165 
55.307 
63.624 
53.833 
51.757 
53.227 
63.353 
59.672 
62.315 
57.604 
69.746 
57.617 
66.228 
60.231 
68.414 
72.72 
70.726 
79.131 
81.728 
109.187 
114.388 
114.79 
115.599 
113.665 
118.7 
118.398 
121.469 
117.512 
119.572 
122.479 
119.651 
117.402 
123.147 
110.156 
107.595 
106.489 
102.637 
122.638 
113.09 
73.112 
93.623 
87.613 
85.128 
89.224 
82.68 
89.754 
82.414 
80.017 
86.304 
90.965 
85.345 
87.717 
91.38 
98.597 
96.751 
91.979 
101.177 
98.726 
96.742 
101.309 
97.06 
101.018 
103.309 
104.194 
106.724 
107.8 
113.67 
101.503 
111.215 
103.769 
104.798 
104.639 
108.667 
105.933 
109.807 
108.02 
101.753 
99.208 
106.442 
96.934 
96.016 
99.203 
95.434 
102.718 
103.292 
104.707 
104.008 
108.86 
106.417 
106.971 
110.474 
110.161 
104.736 
108.107 
107.484 
108.944 
109.825 
106.301 
108.445 
110.055 
111.693 
108.897 
111.226 
121.246 
112.365 
114.357 
121.072 
116.544 
110.612 
114.557 
114.517 
117.198 
125.539 
127.271 
124.646 
131.094 
125.199 
127.952 
125.301 
124.448 
122.77 
125.709 
134.173 
126.619 
126.557 
127.281 
128.806 
128.426 
129.65 
125.661 
130.595 
135.468 
139.5 
134.49 
129.721 
129.954 
129.165 
131.879 
132.863 
136.686 
134.394 
135.822 
135.545 
138.687 
132.75 
134.959 
129.28 
130.417 
122.933 
127.616 
132.591 
126.946 
128.16 
121.428 
126.143 
122.332 
123.852 
131.071 
132.153 
126.936 
130.732 
129.895 
136.572 
130.568 
134.858 
129.477 
132.283 
131.044 
134.05 
137.368 
131.518 
135.354 
135.409 
139.362 
148.078 
142.372 
137.047 
134.395 
147.566 
144.979 
135.072 
142.398 
137.478 
139.19 
137.353 
144.604 
145.046 
143.37 
142.747 
141.447 
141.217 
143.889 
142.19 
142.327 
143.505 
145.467 
145.413 
150.842 
148.959 
143.282 
145.926 
139.219 
150.035 
146.724 
139.447 
146.663 
141.169 
140.599 
145.944 
142.763 
138.788 
143.315 
140.705 
138.241 
136.741 
152.685 
146.469 
143.332 
145.379 
154.645 
148.059 
143.923 
155.526 
145.971 
147.378 
164.475 
151.643 
155.287 
156.328 
161.223 
154.307 
154.195 
157.925 
161.085 
154.658 
157.182 
159.08 
160.4 
154.49 
161.621 
160.651 
161.674 
162.722 
156.654 
160.69 
161.22 
160.027 
157.841 
163.286 
160.357 
161.935 
165.214 
166.983 
161.185 
170.888 
170.268 
161.902 
171.247 
167.072 
173.244 
177.657 
178.185 
175.335 
176.953 
176.029 
180.183 
189.926 
183.716 
182.964 
191.796 
187.243 
185.57 
177.469 
176.306 
180.282 
178.974 
182.639 
181.684 
187.004 
188.735 
183.412 
185.978 
188.752 
187.266 
184.266 
184.924 
193.294 
191.714 
185.815 
185.139 
188.113 
192.1 
192.916 
192.498 
202.556 
192.389 
200.055 
197.888 
194.16 
193.685 
194.727 
192.413 
192.035 
199.72 
197.839 
198.389 
198.71 
193.498 
195.73 
192.882 
188.947 
191.851 
194.214 
186.031 
192.931 
187.674 
187.038 
187.641 
187.227 
193.534 
188.782 
191.919 
195.557 
195.007 
197.612 
193.108 
193.861 
192.224 
189.352 
189.895 
193.781 
193.406 
192.508 
198.173 
196.848 
189.03 
192.793 
196.666 
194.147 
195.173 
197.631 
198.619 
197.834 
205.159 
199.68 
195.501 
198.566 
193.454 
194.294 
201.477 
204.515 
200.431 
194.658 
199.538 
202.52 
373.583 
200.39 
194.599 
200.561 
206.204 
194.851 
201.983 
201.665 
198.122 
203.679 
201.285 
207.963 
200.057 
206.503 
205.536 
201.836 
211.115 
205.573 
211.254 
204.752 
206.996 
208.252 
208.235 
209.59 
203.27 
209.854 
213.701 
209.292 
213.403 
207.025 
212.745 
206.682 
209.76 
213.403 
214.614 
205.586 
215.719 
209.673 
210.843 
210.698 
212.634 
218.194 
217.393 
208.988 
214.234 
219.333 
214.828 
220.908 
224.601 
218.363 
228.398 
222.603 
221.571 
218.201 
221.505 
218.021 
216.363 
215.779 
230.574 
217.159 
219.633 
223.571 
221.062 
222.646 
222.34 
219.168 
222.269 
232.8 
220.021 
222.027 
230.259 
221.796 
226.941 
237.091 
227.46 
220.036 
227.51 
234.692 
226.324 
241.009 
231.419 
237.796 
235.123 
234.729 
231.677 
233.885 
237.348 
240.825 
243.68 
237.757 
237.124 
239.521 
237.124 
244.298 
234.321 
237.648 
238.176 
242.452 
247.712 
247.03 
240.92 
246.547 
245.535 
243.781 
252.096 
247.473 
244.576 
244.136 
250.03 
253.027 
251.014 
247.797 
249.235 
251.513 
253.757 
249.623 
254.264 
258.237 
255.641 
250.913 
255.84 
257.728 
253.307 
256.709 
249.441 
259.37 
253.756 
261.153 
249.037 
254.254 
304.283 
307.869 
301.723 
316.558 
313.452 
311.243 
315.777 
320.714 
313.853 
318.112 
319.012 
314.872 
322.129 
318.749 
332.567 
328.862 
327.081 
335.223 
325.699 
330.339 
325.746 
328.24 
328.518 
327.076 
330.114 
325.773 
325.844 
330.254 
330.042 
335.373 
333.908 
335.112 
331.705 
334.651 
325.916 
329.819 
333.642 
328.15 
328.777 
327.938 
336.003 
324.892 
327.943 
335.529 
333.601 
331.781 
329.375 
339.596 
334.334 
332.657 
336.608 
337.648 
331.181 
337.566 
333.791 
332.916 
330.394 
335.488 
330.461 
337.088 
339.137 
338.748 
342.134 
340.427 
342.278 
336.16 
346.277 
342.421 
344.404 
342.935 
340.184 
347.117 
352.082 
295.635 
288.724 
296.803 
291.044 
288.586 
286.966 
283.721 
290.762 
290.045 
285.749 
290.169 
289.132 
291.195 
290.387 
286.453 
288.449 
281.625 
288.719 
280.505 
277.366 
283.067 
289.474 
282.406 
289.664 
288.613 
287.666 
283.996 
284.313 
284.372 
292.439 
292.243 
288.673 
286.102 
287.689 
296.397 
292.561 
291.38 
297.1 
290.098 
294.678 
296.008 
294.952 
300.059 
300.315 
295.244 
292.146 
290.8 
300.302 
294.29 
302.358 
297.919 
296.129 
293.384 
293.568 
294.56 
301.173 
291.485 
302.811 
296.836 
300.963 
296.106 
303.091 
299.828 
304.352 
301.299 
303.058 
305.993 
309.244 
311.288 
312.922 
312.768 
309.89 
313.341 
308.878 
303.178 
306.845 
307.571 
309.097 
311.676 
317.543 
316.335 
312.167 
315.015 
312.712 
315.922 
308.057 
318.25 
315.272 
308.75 
310.126 
313.74 
312.152 
316.427 
314.547 
311.547 
317.936 
311.324 
315.981 
322.898 
314.84 
320.325 
313.363 
313.86 
319.771 
317.681 
315.84 
325.001 
330.22 
325.142 
324.537 
327.04 
326.411 
327.405 
328.297 
327.853 
327.49 
326.903 
324.749 
330.973 
325.172 
324.598 
331.512 
333.017 
329.06 
332.795 
329.925 
340.873 
333.869 
337.501 
331.55 
341.174 
333.538 
331.064 
332.469 
331.265 
339.466 
329.118 
338.553 
343.426 
333.283 
338.121 
337.074 
338.649 
344.142 
349.747 
348.313 
341.758 
341.951 
341.587 
352.624 
349.655 
357.314 
353.47 
347.894 
352.545 
347.585 
355.798 
346.713 
356.555 
353.162 
352.682 
358.235 
356.997 
357.63 
360.1 
359.975 
359.554 
357.196 
362.576 
359.473 
363.055 
361.308 
360.463 
359.269 
354.2 
360.349 
357.427 
354.471 
362.428 
361.677 
358.996 
361.849 
365.661 
359.139 
364.28 
365.029 
373.53 
377.935 
370.719 
369.529 
377.515 
370.938 
372.261 
372.31 
379.857 
382.681 
380.934 
382.704 
378.51 
378.689 
386.713 
383.598 
388.661 
384.434 
395.845 
402.129 
384.002 
390.023 
398.377 
384.098 
385.064 
387.234 
389.721 
387.392 
398.894 
405.607 
397.466 
399.01 
396.193 
397.245 
400.512 
405.608 
397.719 
392.537 
398.075 
402.071 
403.941 
394.687 
401.566 
399.083 
391.104 
395.608 
392.879 
396.66 
400.577 
396.251 
397.696 
390.719 
400.801 
400.654 
402.355 
393.796 
405.974 
398.98 
400.62 
403.852 
403.637 
398.216 
398.454 
404.109 
402.277 
402.142 
397.909 
409.463 
395.394 
392.124 
394.272 
405.307 
396.765 
399.094 
408.673 
402.873 
409.257 
403.26 
401.261 
401.673 
408.019 
400.498 
402.277 
397.12 
396.493 
404.575 
407.232 
404.771 
404.234 
410.316 
752.622 
413.03 
397.876 
399.384 
409.491 
415.729 
405.492 
416.354 
412.907 
412.233 
418.82 
417.653 
413.212 
412.802 
411.174 
406.795 
389.382 
418.499 
419.42 
416.975 
25.329 
422.137 
416.048 
414.874 
411.436 
415.396 
410.08 
411.048 
411.0 
419.376 
405.753 
413.607 
420.286 
416.945 
410.969 
409.791 
416.929 
414.579 
414.091 
420.879 
431.386 
429.163 
430.72 
429.367 
427.563 
424.597 
424.241 
433.424 
433.309 
433.038 
430.372 
436.805 
438.599 
434.773 
429.857 
444.354 
440.476 
436.527 
444.814 
437.315 
445.809 
437.901 
436.561 
445.253 
441.785 
441.249 
435.753 
438.94 
441.039 
442.983 
439.879 
441.386 
450.054 
442.385 
447.596 
452.535 
445.679 
445.257 
444.566 
440.427 
438.067 
437.144 
447.95 
446.125 
449.48 
442.615 
443.878 
438.897 
442.658 
446.814 
447.546 
443.17 
444.313 
448.667 
449.137 
448.562 
447.396 
448.485 
453.196 
456.488 
460.147 
455.244 
455.531 
469.665 
467.767 
465.206 
462.211 
463.614 
465.916 
466.508 
464.845 
466.344 
469.878 
468.482 
464.412 
462.373 
461.378 
468.334 
463.558 
457.259 
462.846 
457.352 
458.902 
475.59 
468.116 
464.705 
462.504 
460.653 
455.443 
460.921 
451.308 
450.068 
454.811 
457.013 
474.308 
457.084 
466.091 
458.722 
457.626 
460.894 
468.975 
468.396 
467.785 
542.812 
539.991 
541.447 
538.205 
539.328 
545.376 
553.139 
550.976 
551.057 
553.802 
552.79 
553.082 
557.082 
549.806 
564.614 
547.492 
549.803 
546.214 
553.236 
544.225 
547.962 
560.248 
547.771 
544.081 
544.03 
553.962 
547.304 
539.902 
551.431 
559.627 
558.086 
546.425 
544.673 
543.638 
543.231 
549.865 
540.095 
544.559 
543.914 
542.463 
546.218 
546.574 
545.997 
546.195 
539.999 
549.313 
543.692 
543.764 
546.877 
543.906 
543.23 
546.863 
551.778 
536.885 
553.008 
544.824 
532.643 
548.059 
553.981 
545.403 
547.015 
545.539 
538.943 
545.177 
549.17 
559.891 
560.224 
558.042 
546.749 
551.807 
551.954 
557.258 
543.78 
552.166 
546.18 
544.162 
549.053 
544.511 
550.245 
541.437 
540.479 
540.351 
549.839 
538.186 
544.151 
544.684 
543.794 
539.385 
538.665 
541.724 
544.189 
542.686 
543.785 
545.607 
554.18 
551.062 
551.042 
555.48 
553.774 
555.288 
553.825 
548.976 
552.875 
551.28 
550.532 
561.786 
554.766 
558.699 
562.512 
560.876 
565.743 
560.316 
479.049 
486.534 
558.388 
485.585 
491.681 
474.53 
485.499 
481.507 
485.019 
482.283 
499.159 
489.798 
489.515 
494.204 
492.911 
489.656 
491.177 
496.448 
487.232 
496.201 
485.677 
485.845 
492.474 
486.244 
484.991 
484.969 
484.742 
492.944 
488.325 
488.064 
486.154 
490.366 
489.864 
489.632 
487.787 
485.998 
487.991 
490.454 
491.27 
491.159 
491.013 
493.993 
499.679 
496.771 
492.481 
489.47 
491.946 
496.819 
495.239 
494.039 
500.661 
501.036 
494.851 
504.344 
502.849 
507.897 
510.138 
507.016 
519.938 
511.477 
508.177 
513.274 
504.298 
502.981 
507.47 
505.886 
511.888 
504.821 
510.591 
510.668 
515.976 
514.897 
526.257 
515.711 
516.922 
515.713 
514.397 
514.685 
519.406 
517.038 
511.395 
515.858 
519.666 
519.211 
516.728 
517.536 
516.733 
510.938 
520.811 
516.548 
520.633 
514.638 
529.506 
525.801 
525.135 
522.648 
530.054 
527.467 
521.351 
533.071 
526.321 
523.992 
525.909 
524.716 
530.931 
537.956 
535.474 
532.273 
531.548 
530.506 
529.771 
533.253 
535.68 
534.508 
536.484 
541.536 
533.311 
531.602 
541.217 
543.133 
542.498 
542.495 
540.561 
538.797 
546.516 
544.136 
543.11 
541.842 
549.447 
549.559 
538.577 
559.169 
550.279 
549.143 
544.754 
543.754 
550.009 
551.987 
555.704 
550.873 
552.378 
551.505 
557.473 
550.742 
544.366 
547.61 
562.69 
563.107 
563.297 
568.425 
556.368 
570.145 
561.111 
560.617 
567.191 
573.002 
561.089 
568.072 
570.281 
569.584 
571.682 
577.789 
576.128 
577.536 
581.544 
576.497 
577.056 
577.288 
577.419 
577.091 
572.399 
574.291 
576.319 
578.38 
581.721 
576.265 
581.208 
576.803 
580.945 
584.704 
573.871 
575.917 
578.247 
577.874 
573.943 
576.651 
571.772 
568.244 
567.119 
580.142 
573.349 
573.762 
572.79 
576.704 
574.682 
574.896 
570.499 
579.298 
571.877 
568.398 
575.268 
580.992 
572.496 
582.766 
583.602 
589.019 
583.23 
580.009 
584.716 
590.976 
589.598 
586.264 
587.578 
595.276 
590.269 
594.3 
598.191 
600.236 
601.251 
604.034 
600.492 
601.328 
599.513 
604.5 
611.914 
607.015 
609.684 
609.063 
609.96 
606.662 
612.458 
603.889 
603.984 
610.513 
602.341 
612.7 
620.13 
604.745 
609.06 
602.836 
609.867 
600.489 
606.612 
617.929 
605.753 
603.002 
607.421 
604.292 
612.777 
610.882 
608.812 
608.856 
613.033 
611.765 
609.611 
610.937 
607.335 
614.447 
606.302 
604.232 
602.906 
605.308 
606.638 
605.249 
604.581 
606.002 
611.036 
607.921 
602.17 
600.09 
602.348 
600.706 
609.949 
601.687 
603.465 
606.492 
603.275 
617.932 
606.664 
612.709 
604.442 
606.43 
602.816 
602.386 
613.682 
605.775 
594.564 
606.842 
608.476 
609.365 
612.168 
607.339 
606.672 
609.958 
616.33 
608.255 
603.373 
609.097 
617.916 
612.417 
605.477 
619.394 
609.142 
614.356 
604.45 
616.366 
606.819 
601.437 
608.463 
606.708 
623.847 
622.666 
608.527 
618.245 
608.92 
619.542 
618.89 
614.318 
617.175 
620.162 
611.712 
615.807 
617.103 
620.687 
616.403 
615.778 
613.066 
613.693 
618.93 
613.437 
618.615 
615.917 
623.029 
617.28 
617.751 
620.353 
622.763 
619.144 
619.745 
634.049 
622.347 
633.073 
632.713 
628.275 
634.751 
630.805 
635.472 
621.515 
636.339 
627.708 
627.591 
630.194 
624.478 
632.736 
624.491 
623.504 
625.979 
623.439 
627.037 
624.887 
622.094 
624.661 
621.091 
626.86 
629.624 
623.369 
627.138 
626.652 
621.958 
628.301 
631.216 
627.776 
628.17 
625.232 
628.196 
633.054 
633.606 
638.18 
632.509 
629.701 
639.123 
728.499 
729.696 
731.758 
728.686 
733.53 
726.485 
728.538 
733.27 
730.207 
730.915 
731.264 
727.982 
731.827 
730.061 
729.655 
733.627 
741.045 
740.071 
736.289 
739.128 
737.12 
741.922 
740.048 
735.91 
740.71 
755.467 
736.65 
749.237 
748.859 
751.449 
742.868 
750.259 
747.698 
752.934 
748.242 
758.589 
754.252 
754.22 
750.125 
757.124 
754.84 
759.704 
758.197 
757.508 
765.321 
763.656 
754.204 
764.812 
768.78 
773.498 
760.599 
763.818 
767.955 
761.329 
770.309 
770.046 
767.192 
762.332 
764.144 
761.215 
762.051 
759.568 
765.578 
758.488 
764.382 
764.587 
762.792 
764.176 
767.918 
765.391 
757.864 
761.958 
769.439 
770.149 
769.143 
771.465 
773.743 
773.929 
772.091 
766.331 
768.875 
773.523 
773.912 
769.515 
781.409 
779.825 
779.48 
778.61 
775.699 
776.492 
777.919 
778.591 
775.954 
784.638 
783.349 
789.034 
783.057 
786.352 
784.247 
786.269 
788.261 
788.633 
789.669 
788.908 
798.531 
801.647 
802.748 
796.19 
793.361 
803.424 
792.373 
800.475 
790.153 
794.165 
792.092 
796.076 
799.472 
796.82 
807.024 
790.926 
800.031 
801.673 
798.654 
796.171 
803.33 
809.524 
814.23 
804.077 
812.176 
819.755 
814.191 
806.952 
814.031 
812.043 
809.688 
821.543 
819.379 
817.699 
820.345 
822.837 
816.722 
820.612 
817.42 
819.338 
828.81 
823.795 
822.668 
827.176 
826.318 
823.632 
821.631 
825.412 
828.392 
822.876 
824.318 
825.977 
830.397 
822.349 
826.461 
828.851 
836.643 
828.161 
838.009 
830.512 
827.45 
739.413 
758.606 
730.286 
748.555 
749.275 
748.021 
749.805 
735.277 
745.571 
744.657 
738.793 
742.143 
732.872 
737.215 
736.903 
739.314 
734.88 
730.571 
730.439 
748.635 
744.159 
751.514 
750.365 
745.567 
750.663 
745.803 
751.334 
751.289 
755.989 
749.396 
746.188 
746.6 
757.069 
752.443 
755.604 
749.527 
755.196 
747.623 
760.612 
756.51 
754.819 
755.689 
756.999 
758.841 
766.592 
765.785 
752.405 
761.816 
757.816 
753.643 
760.389 
764.318 
767.502 
766.319 
769.393 
769.826 
777.133 
777.665 
778.491 
776.532 
776.491 
776.316 
786.863 
783.057 
780.196 
784.56 
777.349 
780.343 
778.653 
779.798 
779.679 
786.164 
780.716 
788.236 
781.485 
784.608 
779.344 
784.765 
779.79 
784.765 
791.192 
787.446 
781.521 
777.799 
785.698 
794.501 
776.506 
780.939 
778.206 
778.743 
780.197 
780.946 
778.455 
781.628 
785.61 
787.815 
785.542 
788.431 
794.209 
798.888 
790.722 
798.192 
796.975 
800.734 
794.587 
798.209 
794.774 
796.791 
800.911 
805.115 
804.272 
804.205 
792.895 
801.512 
797.005 
799.178 
794.34 
798.053 
796.253 
800.312 
800.083 
790.41 
790.498 
791.639 
789.147 
788.357 
795.388 
801.578 
794.85 
792.957 
789.229 
797.174 
800.069 
794.964 
777.07 
791.564 
792.928 
789.784 
796.501 
790.891 
789.042 
784.373 
789.965 
783.848 
784.287 
789.433 
786.622 
778.696 
787.463 
786.028 
785.584 
786.79 
784.24 
782.374 
790.217 
786.673 
782.638 
791.872 
803.178 
791.031 
782.998 
794.031 
790.195 
786.722 
786.448 
782.377 
784.553 
787.113 
790.104 
784.122 
791.054 
788.342 
776.124 
779.838 
793.28 
788.993 
784.653 
783.635 
781.296 
789.869 
780.796 
785.024 
775.29 
775.117 
784.298 
783.578 
780.719 
787.269 
776.361 
791.362 
792.932 
794.335 
792.198 
793.2 
784.815 
791.52 
794.805 
790.878 
786.66 
787.181 
782.845 
788.276 
794.522 
789.396 
788.623 
800.161 
795.327 
794.338 
794.905 
803.542 
795.194 
796.433 
796.435 
799.103 
798.098 
806.425 
803.836 
803.338 
799.537 
802.323 
801.855 
806.552 
804.553 
808.737 
805.258 
807.108 
811.88 
810.781 
814.188 
808.194 
810.032 
815.352 
799.563 
811.23 
810.3 
808.922 
815.073 
812.629 
814.098 
816.788 
813.977 
820.337 
821.853 
566.295 
820.14 
809.868 
810.526 
822.323 
811.07 
812.035 
811.514 
816.658 
813.477 
812.723 
811.781 
811.512 
823.642 
821.815 
819.259 
818.456 
825.869 
819.401 
825.028 
825.481 
826.466 
821.522 
824.023 
826.193 
827.888 
826.628 
828.191 
833.643 
830.15 
834.055 
836.298 
845.904 
843.465 
839.255 
838.031 
844.932 
841.957 
843.303 
845.23 
847.782 
844.049 
846.043 
847.16 
852.734 
849.106 
848.803 
845.304 
846.633 
848.513 
841.074 
848.297 
840.448 
838.642 
837.289 
847.629 
834.556 
846.71 
845.489 
839.59 
840.383 
846.194 
842.207 
842.444 
843.745 
839.535 
836.734 
851.402 
837.198 
846.447 
840.521 
847.88 
844.373 
840.836 
843.189 
845.351 
837.354 
839.127 
845.869 
846.913 
846.726 
945.035 
945.309 
955.029 
948.228 
950.105 
953.632 
959.798 
958.806 
955.444 
953.843 
951.522 
953.298 
950.961 
955.344 
947.979 
968.544 
951.553 
953.486 
954.773 
954.588 
956.229 
953.339 
954.154 
954.687 
958.32 
959.771 
959.592 
965.798 
967.934 
971.523 
964.987 
965.799 
967.531 
967.803 
965.555 
974.165 
969.097 
983.539 
975.231 
981.95 
982.94 
984.517 
984.379 
989.363 
990.444 
989.523 
991.447 
988.661 
986.204 
992.811 
2.139 
996.225 
997.848 
0.75 
7.403 
4.505 
999.542 
999.25 
998.463 
3.852 
7.799 
8.156 
997.993 
3.497 
5.216 
6.873 
12.195 
5.545 
2.53 
10.603 
0.237 
5.146 
10.317 
8.76 
6.519 
19.56 
5.093 
11.329 
19.595 
19.407 
22.583 
17.498 
16.45 
21.464 
18.444 
22.025 
23.209 
15.561 
22.361 
25.318 
38.453 
19.329 
23.498 
27.083 
41.897 
34.419 
30.131 
27.968 
25.59 
24.746 
23.431 
24.138 
28.01 
28.449 
26.427 
23.573 
39.611 
26.166 
32.415 
39.274 
33.56 
31.324 
30.549 
36.861 
30.579 
30.023 
19.92 
27.657 
43.239 
28.294 
33.807 
31.84 
29.919 
36.915 
36.422 
30.798 
44.052 
39.568 
34.624 
39.2 
41.039 
39.435 
44.59 
39.486 
41.374 
38.841 
33.855 
36.155 
42.379 
35.809 
33.315 
48.331 
42.679 
46.551 
51.593 
53.306 
43.607 
54.585 
56.32 
56.34 
46.368 
39.148 
54.864 
41.002 
41.467 
57.317 
45.28 
42.475 
51.612 
55.128 
58.655 
52.8 
47.603 
57.922 
51.738 
48.458 
46.739 
50.032 
51.599 
60.788 
44.284 
49.347 
48.755 
56.958 
53.709 
58.149 
53.632 
58.332 
48.843 
60.571 
60.501 
57.717 
51.018 
58.224 
54.061 
61.219 
57.437 
51.616 
55.647 
59.876 
62.62 
60.974 
66.985 
59.814 
63.372 
64.718 
66.782 
67.521 
67.468 
71.145 
65.784 
57.54 
63.376 
81.633 
61.653 
75.056 
63.598 
57.45 
63.071 
962.45 
965.541 
971.615 
978.681 
970.44 
973.817 
971.599 
970.469 
974.778 
972.725 
977.388 
986.906 
982.425 
976.82 
985.751 
979.387 
977.932 
992.358 
980.023 
989.555 
988.775 
991.996 
985.796 
987.122 
986.525 
989.144 
989.763 
991.001 
991.654 
998.904 
990.326 
996.233 
990.646 
989.472 
998.537 
996.453 
993.058 
995.705 
992.062 
992.566 
1.576 
999.642 
0.328 
0.426 
999.999 
997.234 
996.55 
3.087 
9.773 
1.324 
12.304 
9.926 
6.003 
0.686 
17.248 
13.117 
3.731 
13.154 
10.442 
14.948 
20.541 
6.165 
15.359 
21.642 
18.2 
15.357 
17.489 
24.281 
18.737 
21.973 
19.118 
19.384 
23.58 
27.495 
18.757 
31.656 
23.282 
23.964 
25.756 
30.996 
22.909 
20.871 
30.375 
32.157 
31.436 
35.127 
40.843 
35.277 
33.92 
39.392 
35.485 
38.426 
42.525 
38.657 
45.89 
42.491 
36.637 
52.714 
42.449 
44.617 
41.576 
44.679 
41.175 
47.924 
47.066 
46.627 
47.565 
39.563 
54.786 
51.069 
52.335 
59.965 
52.824 
57.776 
51.926 
57.416 
50.371 
55.656 
57.447 
54.47 
58.106 
49.47 
44.631 
44.112 
54.104 
51.912 
59.337 
56.914 
50.552 
61.924 
59.503 
57.301 
65.108 
64.012 
70.43 
74.46 
73.591 
70.776 
71.207 
73.252 
76.749 
72.991 
77.649 
82.828 
77.926 
75.721 
74.814 
71.504 
83.633 
71.547 
79.856 
70.387 
67.342 
62.658 
63.168 
64.737 
57.193 
60.866 
55.193 
55.745 
51.826 
59.563 
61.822 
53.946 
55.082 
63.601 
72.39 
82.389 
76.491 
79.73 
73.007 
71.858 
68.127 
74.266 
67.866 
75.127 
74.537 
72.743 
79.833 
70.233 
76.721 
74.459 
80.67 
75.191 
78.064 
79.178 
83.746 
81.128 
90.559 
91.516 
87.739 
86.655 
87.067 
80.105 
85.326 
89.464 
85.107 
83.762 
92.448 
75.557 
88.49 
78.262 
74.891 
82.084 
78.698 
89.188 
87.358 
87.237 
83.61 
85.071 
85.632 
91.586 
96.09 
92.325 
89.823 
88.151 
85.725 
82.064 
90.536 
94.249 
97.764 
95.284 
89.337 
97.464 
101.983 
93.643 
100.505 
102.166 
100.979 
98.903 
108.089 
103.388 
112.606 
96.416 
99.638 
110.547 
108.429 
101.438 
104.635 
102.185 
101.092 
112.585 
108.036 
102.789 
103.403 
104.388 
109.2 
103.886 
109.402 
101.911 
112.526 
118.658 
97.558 
104.517 
102.404 
106.783 
108.196 
100.806 
107.013 
101.944 
104.77 
98.943 
101.63 
99.141 
97.541 
100.091 
96.829 
101.644 
100.502 
101.85 
105.766 
110.101 
103.771 
104.999 
225.213 
223.59 
226.132 
224.936 
229.256 
232.935 
224.714 
234.447 
229.179 
238.347 
233.672 
231.742 
230.714 
239.435 
236.888 
227.58 
226.885 
230.077 
222.495 
235.274 
232.934 
228.285 
236.778 
221.55 
231.303 
241.827 
233.662 
225.173 
235.382 
233.001 
223.758 
224.538 
232.603 
233.839 
234.682 
230.047 
239.124 
232.402 
231.707 
236.098 
235.7 
248.442 
232.625 
232.613 
238.904 
241.131 
237.673 
243.224 
234.796 
256.384 
246.833 
244.537 
245.042 
241.796 
242.027 
244.522 
252.028 
245.713 
246.024 
253.426 
248.565 
247.456 
252.985 
247.285 
245.276 
253.567 
246.198 
255.984 
271.41 
255.549 
261.916 
260.534 
262.278 
266.342 
253.428 
250.621 
267.538 
265.188 
260.995 
258.636 
261.556 
261.136 
268.231 
265.846 
269.61 
269.431 
263.142 
262.637 
271.636 
267.719 
268.831 
261.678 
274.447 
270.729 
268.039 
266.502 
267.712 
265.99 
274.788 
273.665 
267.229 
275.073 
270.702 
274.888 
281.116 
286.139 
278.755 
274.32 
286.275 
273.513 
275.121 
280.592 
282.707 
278.295 
283.522 
288.205 
279.74 
285.264 
281.357 
292.215 
293.876 
283.95 
291.546 
290.402 
279.464 
284.724 
292.206 
291.177 
284.224 
283.352 
280.998 
282.412 
289.088 
289.524 
281.811 
288.33 
297.371 
288.728 
286.218 
289.97 
297.287 
299.323 
304.556 
299.886 
307.454 
299.511 
294.691 
298.665 
308.991 
300.513 
303.789 
297.174 
296.496 
298.447 
306.864 
299.977 
302.863 
306.399 
302.03 
306.087 
314.468 
313.896 
306.045 
312.608 
304.763 
314.466 
308.979 
324.476 
318.273 
316.817 
321.967 
317.071 
311.904 
320.997 
316.99 
312.891 
316.5 
324.839 
321.569 
324.335 
323.194 
320.253 
314.594 
314.387 
321.569 
318.724 
323.986 
317.614 
320.693 
318.118 
322.067 
325.674 
330.943 
326.513 
325.545 
324.137 
333.204 
330.114 
336.999 
330.8 
333.794 
330.996 
337.037 
335.775 
334.663 
331.785 
331.578 
335.168 
337.646 
334.472 
334.041 
338.053 
336.982 
338.535 
335.46 
343.936 
332.439 
340.798 
348.205 
345.233 
342.698 
352.769 
341.382 
346.943 
333.764 
344.553 
341.324 
337.229 
345.083 
353.981 
337.023 
347.937 
339.085 
348.389 
338.061 
349.412 
349.703 
354.215 
357.397 
349.239 
357.23 
357.777 
355.882 
357.783 
356.854 
364.976 
360.512 
356.839 
362.864 
365.092 
362.372 
361.914 
370.018 
376.385 
368.92 
364.803 
376.904 
373.438 
370.417 
381.755 
380.197 
381.66 
379.199 
378.018 
377.797 
262.411 
255.124 
264.586 
268.531 
262.37 
257.623 
263.356 
256.046 
260.845 
261.221 
255.457 
259.979 
260.934 
255.719 
262.488 
260.66 
259.347 
254.919 
257.267 
251.675 
254.118 
251.274 
248.864 
260.575 
246.377 
243.827 
248.814 
248.202 
249.674 
254.674 
241.852 
249.185 
255.835 
252.119 
242.695 
250.281 
239.846 
234.072 
234.175 
232.066 
239.003 
232.869 
238.501 
227.963 
230.725 
227.405 
236.869 
230.55 
227.104 
231.635 
234.373 
235.307 
225.716 
238.754 
229.956 
230.543 
230.505 
228.747 
230.293 
220.633 
228.213 
223.2 
223.606 
220.501 
216.938 
225.973 
212.189 
218.019 
211.922 
212.127 
209.203 
205.659 
194.244 
199.03 
211.634 
200.15 
189.939 
194.071 
189.369 
189.339 
192.872 
188.0 
188.492 
186.713 
188.206 
182.178 
180.438 
186.801 
173.771 
184.104 
175.913 
172.422 
170.791 
172.7 
180.749 
165.975 
166.345 
170.972 
162.317 
167.248 
160.507 
161.317 
164.144 
152.213 
156.83 
161.627 
155.111 
149.196 
147.866 
153.683 
152.451 
151.549 
153.52 
149.823 
153.469 
154.803 
151.284 
156.403 
156.957 
156.79 
157.835 
159.532 
152.713 
148.325 
159.558 
154.156 
147.854 
148.901 
137.301 
151.381 
144.785 
154.398 
146.261 
135.451 
135.477 
143.414 
135.403 
128.334 
137.28 
121.196 
129.091 
128.926 
126.928 
120.519 
129.637 
122.783 
133.112 
130.123 
124.976 
122.339 
122.284 
121.673 
119.999 
115.529 
114.849 
110.8 
119.776 
113.662 
111.866 
111.744 
111.359 
114.382 
109.517 
113.224 
121.356 
111.92 
105.886 
115.278 
102.819 
102.595 
105.448 
102.064 
101.557 
101.367 
99.377 
103.963 
100.962 
99.773 
96.106 
95.758 
89.252 
92.393 
90.399 
90.051 
95.573 
96.026 
87.275 
77.946 
89.354 
91.295 
91.082 
84.167 
80.444 
81.252 
82.381 
78.238 
78.726 
79.468 
79.426 
74.368 
79.514 
77.382 
74.878 
81.893 
68.572 
79.636 
75.125 
71.325 
69.871 
65.675 
67.362 
67.817 
65.195 
66.922 
65.289 
62.884 
59.6 
56.771 
66.03 
61.163 
54.605 
68.597 
53.326 
65.612 
55.455 
53.81 
59.559 
51.327 
48.436 
46.256 
40.788 
39.603 
35.398 
33.298 
36.574 
24.749 
33.549 
32.514 
30.66 
26.051 
27.561 
26.427 
26.666 
36.327 
30.058 
23.781 
14.871 
18.138 
22.627 
12.943 
12.594 
18.04 
9.735 
10.644 
13.247 
7.183 
5.119 
5.063 
12.1 
2.394 
999.577 
6.191 
1.777 
998.723 
2.922 
2.033 
997.991 
995.283 
994.921 
993.74 
2.386 
999.009 
999.123 
983.768 
994.774 
997.89 
994.739 
992.275 
987.831 
981.729 
980.317 
990.784 
977.595 
984.278 
977.089 
977.123 
974.9 
972.818 
975.157 
968.415 
972.752 
981.147 
972.129 
965.173 
960.627 
962.491 
965.44 
958.797 
962.85 
955.113 
954.251 
960.063 
952.246 
955.569 
960.649 
954.445 
950.053 
959.591 
961.632 
950.917 
953.186 
948.936 
952.934 
947.252 
945.348 
951.505 
946.627 
945.376 
946.597 
945.646 
951.053 
946.432 
941.461 
947.36 
941.98 
942.55 
942.226 
937.701 
933.545 
931.601 
942.221 
932.837 
928.783 
942.71 
931.752 
933.203 
935.554 
928.619 
933.561 
936.42 
943.023 
931.072 
929.144 
924.57 
938.418 
927.159 
921.924 
923.527 
922.534 
917.395 
920.178 
930.565 
917.724 
911.724 
923.439 
919.0 
914.787 
910.604 
910.367 
904.254 
907.216 
907.923 
905.548 
905.046 
903.519 
908.199 
901.97 
898.762 
907.263 
899.505 
895.595 
896.783 
895.086 
897.489 
902.796 
891.48 
891.633 
895.263 
885.895 
888.522 
891.641 
886.667 
882.19 
885.276 
890.601 
889.243 
880.794 
883.03 
880.207 
877.341 
873.676 
877.103 
884.697 
873.273 
874.864 
873.604 
870.987 
879.117 
869.541 
866.168 
867.577 
861.861 
863.842 
860.458 
860.624 
859.86 
863.227 
856.63 
855.422 
846.523 
848.691 
855.158 
852.043 
842.499 
853.448 
855.512 
856.381 
851.398 
851.004 
840.531 
845.231 
845.061 
849.136 
837.36 
839.291 
835.506 
834.428 
846.732 
831.319 
827.203 
829.084 
823.838 
826.38 
824.451 
823.39 
824.32 
822.35 
819.699 
819.188 
816.27 
817.591 
812.543 
820.609 
814.044 
814.12 
812.824 
810.326 
812.724 
811.061 
809.449 
811.874 
808.764 
809.21 
800.806 
801.473 
796.445 
800.002 
792.523 
795.08 
792.829 
797.631 
788.151 
791.121 
788.333 
782.382 
779.615 
783.516 
786.303 
782.346 
780.193 
780.962 
781.426 
781.183 
778.255 
776.986 
779.003 
778.528 
775.169 
773.147 
781.042 
776.033 
778.807 
770.671 
778.816 
772.729 
769.287 
773.401 
773.983 
770.972 
767.252 
762.04 
761.0 
769.824 
760.18 
765.497 
767.332 
762.015 
761.406 
758.617 
757.902 
757.05 
749.957 
754.601 
760.222 
751.256 
746.019 
744.991 
750.871 
749.721 
751.252 
743.435 
751.713 
756.064 
742.914 
741.793 
738.132 
738.953 
743.036 
738.118 
737.235 
733.895 
737.139 
740.735 
734.85 
732.821 
734.439 
728.376 
728.463 
731.222 
736.711 
734.093 
725.97 
728.648 
723.463 
721.779 
718.505 
723.616 
718.847 
718.488 
716.107 
714.785 
712.44 
711.73 
710.038 
713.312 
705.756 
706.03 
708.456 
706.627 
714.569 
709.401 
705.381 
712.727 
704.076 
708.776 
705.023 
701.083 
700.444 
697.828 
700.578 
694.866 
689.361 
692.912 
689.245 
689.366 
696.945 
689.367 
688.942 
686.308 
686.655 
683.026 
687.421 
688.406 
679.884 
678.487 
679.985 
676.556 
674.935 
681.177 
681.821 
676.137 
668.873 
678.866 
672.128 
673.9 
668.673 
668.199 
667.699 
670.04 
671.676 
662.969 
664.642 
664.274 
654.662 
651.405 
650.062 
651.799 
646.185 
650.769 
640.249 
649.154 
638.262 
643.584 
637.613 
634.091 
637.157 
631.624 
633.735 
634.778 
629.493 
634.333 
633.909 
629.539 
635.275 
628.551 
627.636 
624.841 
623.931 
627.861 
624.352 
619.685 
615.343 
614.301 
619.41 
618.274 
610.107 
614.382 
607.934 
611.15 
612.005 
608.252 
605.817 
612.856 
600.403 
606.396 
595.097 
599.869 
595.664 
591.245 
594.484 
596.35 
591.897 
586.843 
589.943 
586.992 
584.989 
586.344 
583.117 
582.181 
581.354 
584.887 
579.008 
577.292 
580.067 
576.324 
577.951 
575.372 
577.144 
575.599 
570.628 
563.151 
570.631 
567.2 
564.746 
561.915 
557.757 
561.807 
560.909 
552.435 
560.846 
557.976 
557.061 
553.73 
555.646 
552.489 
550.083 
552.14 
543.711 
549.094 
550.985 
545.022 
514.711 
510.256 
503.513 
508.926 
508.962 
507.971 
504.285 
501.022 
497.483 
494.809 
493.949 
489.321 
481.157 
487.613 
482.267 
481.346 
482.392 
479.634 
475.02 
477.483 
467.838 
464.957 
467.168 
465.667 
461.253 
463.761 
457.951 
456.175 
455.676 
451.717 
445.322 
450.227 
448.759 
444.476 
447.113 
442.844 
442.817 
440.152 
438.631 
445.451 
438.665 
436.112 
436.136 
432.712 
432.267 
430.493 
428.087 
426.019 
414.313 
418.563 
410.749 
403.86 
405.266 
392.801 
390.747 
389.063 
387.18 
381.483 
374.508 
373.766 
367.724 
363.917 
358.047 
347.455 
349.573 
348.467 
350.939 
351.964 
346.392 
341.399 
329.287 
320.258 
322.351 
317.465 
317.538 
313.267 
309.223 
309.303 
303.374 
296.819 
300.893 
293.517 
282.223 
275.205 
273.617 
275.417 
268.104 
259.353 
261.439 
251.741 
243.58 
240.977 
237.019 
223.073 
224.223 
222.88 
215.77 
211.883 
208.29 
199.053 
192.292 
171.077 
151.667 
96.743 
81.102 
62.968 
52.43 
63.443 
43.455 
27.99 
36.514 
26.225 
1.916 
1.799 
1.797 
1.773 
1.771 
2.033 
1.743 
1.831 
1.832 
1.783 
1.949 
1.789 
3.444 
2.752 
3.67 
2.002 
1.756 
1.773 
4.943 
6.108 
3.154 
2.73 
4.268 
1.918 
1.958 
2.005 
4.029 
3.169 
2.251 
1.877 
10.159 
8.921 
3.564 
1.874 
3.587 
5.259 
3.29 
3.063 
2.391 
2.3 
2.021 
1.82 
1.874 
1.959 
2.093 
1.756 
1.741 
1.723 
1.774 
1.88 
1.795 
3.3 
5.322 
2.746 
1.856 
1.8 
2.226 
2.311 
4.072 
1.815 
1.816 
1.846 
1.621 
1.745 
1.92 
1.948 
1.971 
1.892 
1.752 
1.788 
1.777 
3.253 
4.791 
2.09 
1.844 
1.614 
1.926 
1.92 
1.846 
1.779 
1.917 
3.493 
6.084 
4.692 
1.945 
1.848 
2.043 
1.778 
1.729 
1.861 
1.772 
2.068 
1.839 
1.731 
1.86 
1.738 
1.857 
1.784 
