650.82
664.327 
667.048 
584.924 
626.752 
13.713 
20.574 
26.814 
31.81 
27.77 
23.787 
28.466 
27.076 
29.283 
34.599 
20.912 
39.527 
27.609 
32.305 
26.105 
33.417 
29.844 
27.583 
32.325 
35.242 
38.985 
35.168 
43.819 
36.772 
31.415 
31.723 
43.253 
37.647 
40.069 
34.232 
38.532 
32.305 
33.864 
40.382 
38.836 
39.048 
36.183 
37.746 
52.469 
37.312 
40.55 
39.641 
42.592 
37.126 
36.58 
38.52 
37.367 
48.735 
38.987 
41.407 
39.869 
36.524 
43.719 
35.736 
40.945 
39.834 
46.659 
46.509 
48.973 
53.409 
55.086 
46.684 
56.552 
56.474 
69.518 
47.591 
59.981 
65.372 
57.739 
56.151 
48.304 
54.51 
61.175 
58.134 
52.313 
70.25 
56.775 
54.275 
61.846 
57.528 
44.669 
56.175 
55.628 
52.276 
61.133 
61.816 
68.216 
62.933 
60.377 
50.01 
67.602 
51.158 
64.873 
66.277 
62.605 
59.235 
61.827 
62.219 
55.592 
61.427 
59.614 
58.715 
70.085 
75.99 
72.246 
67.762 
75.471 
72.742 
105.565 
97.685 
97.029 
104.665 
108.995 
99.382 
98.898 
93.005 
108.329 
103.557 
95.842 
99.657 
93.303 
104.557 
101.938 
101.911 
97.092 
108.455 
102.263 
107.734 
76.57 
78.699 
67.532 
75.82 
79.982 
72.494 
78.217 
74.718 
81.103 
74.529 
72.846 
70.314 
68.272 
81.556 
73.23 
74.999 
73.296 
79.307 
77.154 
82.709 
81.964 
77.387 
83.452 
82.304 
86.609 
83.815 
81.463 
82.114 
80.152 
83.044 
87.617 
76.168 
97.966 
83.032 
93.807 
93.707 
93.455 
91.264 
93.155 
88.661 
84.71 
82.44 
91.691 
83.546 
83.886 
87.523 
86.298 
81.893 
98.932 
87.551 
92.105 
85.368 
91.152 
96.586 
99.683 
87.158 
95.518 
89.981 
85.333 
91.315 
94.97 
91.614 
99.177 
93.727 
106.928 
94.198 
94.829 
102.046 
98.364 
96.047 
102.747 
100.713 
112.315 
110.54 
106.078 
95.542 
100.177 
102.047 
103.107 
97.231 
94.177 
104.689 
107.546 
100.891 
103.078 
114.165 
117.947 
101.212 
114.221 
111.836 
106.929 
100.951 
110.5 
103.263 
108.08 
113.106 
98.935 
102.075 
112.446 
108.574 
105.713 
109.517 
104.1 
110.969 
108.387 
114.238 
125.377 
114.403 
123.17 
117.967 
124.998 
115.358 
116.721 
118.439 
120.247 
123.414 
121.371 
127.225 
125.082 
127.442 
131.604 
128.732 
135.455 
127.756 
131.194 
136.16 
131.42 
141.81 
131.925 
138.414 
129.747 
137.86 
119.94 
131.755 
124.591 
127.759 
135.252 
139.263 
123.492 
129.56 
126.116 
124.018 
133.882 
119.76 
136.344 
136.167 
125.947 
123.212 
120.306 
134.396 
131.781 
129.257 
145.638 
139.111 
131.922 
134.129 
135.541 
126.968 
128.177 
129.75 
128.524 
131.302 
129.073 
135.41 
135.371 
130.288 
132.833 
131.223 
136.982 
134.806 
136.584 
131.076 
139.425 
141.786 
133.225 
143.612 
129.873 
135.539 
135.342 
140.936 
137.523 
136.126 
137.471 
133.17 
139.148 
136.81 
133.005 
127.665 
143.263 
137.621 
141.27 
136.002 
130.743 
131.402 
129.062 
130.679 
135.571 
139.38 
141.699 
141.998 
152.576 
146.879 
141.389 
146.349 
144.09 
154.142 
146.62 
154.88 
165.557 
147.683 
153.736 
158.853 
162.906 
164.958 
172.305 
175.943 
168.382 
184.655 
174.315 
175.158 
177.114 
179.838 
190.154 
195.927 
189.242 
186.602 
188.503 
204.005 
195.981 
200.372 
193.168 
193.515 
193.564 
185.493 
194.95 
192.733 
197.627 
186.714 
205.469 
191.808 
188.534 
195.683 
196.24 
194.337 
181.197 
195.294 
180.433 
199.722 
186.193 
183.214 
186.542 
188.121 
186.628 
190.887 
199.343 
184.665 
193.738 
189.055 
194.767 
188.368 
181.566 
181.581 
188.883 
199.53 
186.293 
183.795 
192.289 
191.897 
191.991 
181.643 
188.272 
179.757 
186.846 
182.384 
183.027 
184.754 
175.697 
180.799 
179.289 
175.219 
173.371 
181.297 
178.2 
192.177 
182.258 
187.079 
175.017 
179.007 
191.272 
180.512 
179.517 
181.344 
185.642 
183.058 
174.294 
176.255 
190.483 
183.775 
178.625 
181.719 
193.063 
181.119 
192.106 
196.72 
197.729 
200.573 
198.733 
194.607 
196.82 
191.759 
192.735 
197.328 
205.504 
201.514 
195.087 
197.133 
206.888 
208.075 
194.959 
199.912 
200.612 
200.737 
207.034 
199.775 
209.628 
203.569 
209.288 
209.75 
212.721 
209.177 
220.739 
224.557 
212.412 
212.191 
226.069 
222.27 
227.75 
222.816 
226.269 
232.461 
227.746 
225.638 
223.858 
226.274 
225.538 
226.988 
234.532 
230.77 
239.444 
228.079 
235.793 
234.782 
238.601 
228.599 
227.077 
233.821 
226.564 
229.126 
236.05 
230.263 
231.532 
237.958 
238.257 
239.44 
242.553 
246.276 
234.31 
247.191 
239.925 
249.495 
245.611 
239.684 
240.979 
239.001 
251.094 
241.919 
241.808 
236.672 
238.879 
240.46 
231.566 
239.691 
253.52 
224.263 
251.458 
236.65 
237.089 
233.811 
233.526 
239.171 
235.584 
234.228 
243.96 
235.637 
235.616 
235.835 
236.887 
232.55 
235.935 
239.297 
235.309 
241.207 
234.702 
238.004 
242.293 
241.607 
232.564 
233.488 
234.461 
239.041 
246.936 
232.662 
251.38 
247.571 
249.512 
252.668 
259.395 
254.911 
255.75 
249.23 
256.122 
251.133 
244.11 
245.492 
254.674 
252.738 
252.723 
253.536 
255.384 
249.093 
248.017 
250.474 
255.187 
253.43 
256.841 
256.298 
259.122 
253.556 
258.205 
264.699 
261.239 
255.081 
262.611 
262.583 
279.001 
262.19 
258.282 
265.83 
267.697 
260.12 
262.369 
259.157 
259.277 
267.033 
263.313 
269.151 
268.213 
267.711 
329.469 
334.799 
339.618 
334.047 
340.986 
337.932 
336.835 
338.627 
350.741 
340.91 
342.901 
331.335 
338.439 
344.516 
345.866 
334.95 
345.409 
346.448 
342.49 
344.498 
342.328 
341.182 
337.106 
341.911 
340.507 
343.03 
352.712 
346.807 
343.581 
341.674 
342.67 
351.433 
354.844 
347.232 
339.183 
347.626 
347.681 
352.38 
354.12 
348.613 
347.401 
347.775 
351.778 
345.161 
337.192 
352.339 
359.233 
355.431 
348.903 
352.243 
361.494 
365.171 
364.296 
369.682 
365.306 
363.874 
373.042 
364.947 
367.649 
371.839 
370.877 
377.551 
310.026 
316.573 
307.787 
304.578 
311.336 
318.717 
310.984 
324.049 
313.317 
314.965 
316.071 
324.266 
324.191 
322.418 
322.45 
321.63 
333.386 
333.395 
317.831 
339.6 
329.44 
330.473 
330.967 
329.913 
327.163 
336.877 
342.106 
331.353 
330.342 
332.221 
344.855 
340.52 
331.968 
340.424 
339.169 
339.803 
345.197 
343.893 
347.547 
356.258 
351.545 
348.865 
364.653 
359.369 
357.056 
353.673 
370.35 
364.095 
358.379 
356.74 
361.759 
350.741 
365.631 
365.209 
363.72 
372.652 
364.069 
364.872 
360.901 
369.766 
373.329 
367.66 
357.696 
368.43 
361.603 
365.368 
359.748 
368.13 
361.191 
362.008 
363.062 
368.968 
367.524 
367.2 
363.163 
368.973 
363.941 
380.611 
374.706 
360.928 
366.656 
359.781 
362.796 
359.443 
360.036 
361.551 
365.605 
367.798 
369.777 
366.767 
346.077 
359.77 
358.168 
366.675 
358.073 
353.716 
361.849 
358.317 
354.704 
359.59 
356.24 
353.147 
353.07 
342.827 
352.805 
360.771 
353.893 
347.522 
350.793 
353.183 
349.282 
345.909 
353.668 
351.253 
350.911 
363.207 
363.304 
354.865 
353.572 
355.767 
352.944 
354.158 
356.776 
350.045 
348.092 
344.891 
355.722 
353.15 
357.008 
351.483 
349.375 
353.137 
349.636 
351.3 
349.278 
345.689 
344.817 
356.748 
356.288 
352.927 
353.169 
356.85 
355.364 
360.106 
359.311 
355.737 
359.871 
360.206 
356.092 
355.888 
362.706 
368.81 
364.289 
355.798 
357.716 
362.905 
357.227 
370.735 
360.792 
357.692 
357.377 
364.524 
361.754 
353.883 
363.57 
362.925 
362.435 
370.949 
365.334 
372.496 
363.024 
365.373 
361.813 
370.723 
369.681 
367.286 
372.091 
372.622 
377.07 
368.287 
372.944 
385.96 
371.147 
375.891 
377.257 
371.001 
377.306 
368.874 
378.099 
378.511 
375.343 
379.678 
376.589 
386.374 
379.295 
384.925 
374.488 
383.924 
374.802 
385.523 
386.91 
381.197 
372.431 
377.775 
382.38 
381.346 
390.476 
387.037 
395.219 
390.55 
390.942 
387.827 
394.218 
387.962 
395.869 
397.703 
397.63 
401.297 
398.335 
408.526 
417.299 
412.655 
400.013 
406.702 
411.287 
408.079 
405.176 
413.669 
418.122 
406.989 
418.455 
413.935 
405.965 
413.144 
419.666 
416.421 
424.867 
419.057 
418.066 
412.101 
407.567 
414.651 
409.497 
417.747 
410.52 
419.361 
422.201 
416.2 
418.581 
422.14 
413.183 
410.007 
416.127 
420.922 
417.603 
422.516 
424.739 
423.046 
422.725 
435.797 
426.355 
431.252 
428.191 
434.017 
422.837 
426.851 
437.978 
429.338 
423.318 
438.336 
429.91 
433.707 
439.151 
443.069 
432.237 
435.805 
437.011 
434.019 
435.682 
444.703 
448.061 
429.175 
432.016 
429.634 
444.343 
444.592 
439.813 
437.018 
435.717 
435.603 
440.518 
432.283 
444.297 
431.965 
449.36 
439.42 
443.181 
448.502 
454.298 
445.234 
443.192 
440.916 
439.397 
436.845 
459.93 
451.08 
450.521 
446.906 
454.994 
454.691 
445.667 
448.378 
446.376 
445.482 
454.673 
460.8 
439.828 
450.271 
454.103 
441.541 
450.64 
443.703 
443.162 
453.801 
445.068 
453.016 
449.725 
451.71 
447.887 
450.224 
447.085 
447.719 
449.614 
455.576 
446.835 
454.199 
452.367 
447.895 
453.435 
459.008 
453.615 
459.312 
456.3 
456.324 
453.606 
464.506 
456.127 
470.128 
463.872 
463.164 
458.798 
463.368 
462.86 
464.352 
475.621 
465.775 
465.115 
460.196 
455.618 
456.891 
469.371 
463.929 
471.996 
463.709 
476.909 
478.801 
474.655 
465.26 
469.482 
472.274 
479.659 
472.326 
475.464 
483.227 
467.703 
483.471 
473.64 
469.518 
476.14 
474.362 
479.092 
478.761 
483.395 
562.9 
569.863 
575.0 
558.271 
571.21 
573.525 
564.121 
571.34 
572.391 
566.127 
569.112 
567.515 
564.097 
567.754 
565.498 
572.126 
566.904 
574.66 
567.308 
562.385 
577.342 
577.116 
565.615 
576.461 
565.35 
575.969 
573.887 
574.563 
575.565 
578.385 
580.076 
591.798 
578.851 
587.911 
581.68 
580.314 
575.226 
582.785 
578.89 
578.362 
575.492 
577.91 
577.389 
579.956 
575.641 
587.057 
575.152 
576.222 
577.272 
583.201 
591.039 
585.643 
585.196 
580.216 
578.009 
592.002 
597.281 
596.082 
596.621 
596.583 
592.106 
607.637 
601.16 
607.426 
607.894 
608.626 
606.434 
599.321 
606.373 
606.305 
616.408 
612.247 
611.257 
610.215 
601.971 
612.691 
618.474 
611.166 
618.021 
611.162 
605.56 
612.307 
610.995 
609.724 
626.616 
614.327 
613.35 
612.698 
613.031 
626.22 
618.152 
626.598 
620.969 
614.403 
621.479 
620.023 
621.253 
625.699 
624.096 
625.489 
620.37 
625.346 
625.734 
628.868 
621.461 
627.087 
625.527 
629.964 
635.365 
637.789 
635.624 
635.326 
639.1 
642.647 
647.63 
646.842 
640.562 
566.414 
651.939 
569.185 
579.119 
569.561 
572.679 
570.45 
580.397 
570.714 
582.474 
577.336 
580.57 
579.967 
580.882 
590.163 
582.488 
586.347 
575.59 
583.2 
589.718 
586.718 
586.85 
588.658 
583.895 
583.752 
587.86 
586.47 
583.681 
583.758 
594.612 
581.383 
594.052 
595.44 
585.504 
583.148 
577.792 
595.243 
587.61 
588.082 
593.769 
591.108 
591.257 
583.58 
591.64 
583.47 
584.888 
595.189 
587.463 
585.585 
591.133 
590.339 
593.612 
585.59 
587.773 
585.438 
581.634 
585.578 
608.3 
583.156 
582.329 
582.282 
597.598 
593.994 
588.082 
593.335 
593.035 
591.706 
596.28 
590.232 
592.768 
599.55 
595.551 
592.662 
600.211 
586.045 
588.695 
591.787 
594.268 
595.408 
589.186 
593.556 
595.676 
590.365 
600.013 
593.459 
590.249 
594.103 
590.23 
604.015 
601.116 
601.221 
609.148 
600.809 
605.923 
596.66 
601.615 
608.411 
612.651 
605.246 
600.615 
603.903 
605.903 
603.945 
609.574 
612.754 
614.487 
607.092 
616.755 
607.495 
616.945 
621.537 
615.726 
611.232 
624.009 
619.143 
619.701 
608.081 
625.314 
623.641 
633.651 
620.845 
635.285 
634.06 
626.141 
635.998 
626.413 
629.544 
627.998 
634.603 
628.516 
630.009 
623.268 
628.621 
621.514 
634.335 
638.652 
628.095 
627.35 
628.564 
630.227 
628.341 
634.358 
633.435 
630.622 
640.582 
636.286 
636.727 
639.675 
625.224 
635.42 
631.631 
631.143 
636.757 
644.413 
629.433 
636.287 
629.091 
642.778 
637.627 
624.568 
626.699 
634.348 
627.878 
634.348 
631.652 
647.117 
630.211 
632.061 
632.897 
633.345 
632.331 
638.27 
632.236 
630.559 
633.107 
640.478 
640.251 
645.195 
636.869 
638.222 
647.957 
650.418 
644.28 
648.099 
639.931 
643.586 
648.411 
646.163 
644.694 
645.995 
645.51 
641.353 
642.037 
652.39 
653.593 
643.001 
653.97 
653.314 
649.559 
647.419 
671.85 
643.963 
648.484 
647.532 
648.237 
653.565 
646.595 
648.625 
652.366 
657.795 
653.76 
655.213 
651.884 
651.767 
653.209 
651.962 
657.242 
658.192 
657.805 
656.09 
647.516 
657.406 
655.803 
651.537 
655.607 
667.162 
666.442 
661.792 
665.803 
674.174 
675.962 
665.956 
669.211 
669.893 
667.58 
671.205 
666.035 
677.174 
676.822 
681.01 
673.811 
693.677 
674.55 
675.449 
674.428 
683.051 
684.565 
678.254 
685.573 
685.109 
693.553 
685.011 
691.683 
687.944 
681.064 
690.348 
691.993 
687.113 
688.213 
696.089 
684.69 
683.922 
682.991 
689.288 
681.541 
688.142 
674.433 
672.963 
687.596 
680.757 
676.169 
676.437 
690.382 
682.658 
687.966 
686.892 
683.686 
685.723 
685.151 
674.975 
684.468 
696.976 
678.057 
681.208 
685.326 
679.238 
680.617 
683.78 
677.372 
679.504 
675.031 
679.059 
689.896 
689.122 
676.892 
679.571 
681.294 
679.662 
700.576 
682.988 
687.558 
685.483 
697.861 
687.423 
690.683 
688.178 
692.679 
678.965 
690.051 
686.532 
697.055 
691.383 
693.086 
690.762 
691.915 
691.228 
689.365 
703.093 
698.019 
698.496 
692.174 
701.309 
701.89 
702.464 
698.477 
705.741 
709.112 
702.995 
703.558 
710.559 
700.088 
706.064 
701.632 
707.34 
707.816 
705.037 
709.749 
716.399 
708.337 
713.063 
711.741 
711.656 
706.557 
713.616 
708.066 
711.441 
717.995 
716.345 
714.92 
715.333 
727.456 
715.28 
720.912 
719.848 
726.944 
719.201 
728.348 
727.981 
719.706 
722.23 
729.965 
728.579 
726.808 
728.676 
731.671 
726.365 
718.396 
725.795 
825.842 
817.919 
831.488 
834.436 
827.126 
830.148 
824.416 
827.589 
828.189 
830.028 
824.928 
821.487 
833.51 
821.955 
823.152 
827.397 
826.354 
825.973 
827.543 
829.984 
832.804 
829.574 
824.106 
830.381 
830.978 
834.572 
824.672 
829.31 
834.705 
825.637 
829.421 
837.011 
825.857 
832.203 
828.389 
838.299 
834.857 
838.657 
839.994 
829.854 
839.316 
843.279 
836.374 
832.249 
834.995 
844.758 
844.176 
863.873 
857.75 
850.432 
861.023 
854.742 
855.83 
849.154 
859.812 
861.918 
857.857 
860.159 
857.765 
862.621 
856.358 
868.992 
866.561 
860.487 
855.507 
874.464 
869.873 
864.315 
862.676 
871.697 
864.642 
869.832 
869.604 
867.735 
862.278 
871.936 
872.108 
866.975 
863.098 
875.496 
865.772 
881.03 
873.689 
871.516 
885.303 
880.826 
870.864 
874.126 
881.308 
870.98 
868.985 
870.861 
884.535 
879.797 
886.17 
888.411 
876.1 
877.178 
881.492 
882.021 
882.246 
878.452 
877.642 
874.161 
876.119 
883.66 
877.753 
879.262 
874.548 
868.926 
870.915 
874.72 
881.018 
873.128 
875.066 
872.198 
880.31 
878.884 
885.944 
877.848 
874.69 
890.804 
879.389 
879.447 
882.264 
882.528 
866.359 
875.509 
872.798 
879.927 
875.854 
880.571 
875.162 
879.01 
869.923 
871.655 
868.857 
880.291 
878.278 
875.401 
882.6 
876.437 
878.049 
897.369 
889.284 
881.426 
890.183 
882.921 
884.25 
891.235 
894.964 
888.788 
894.059 
886.476 
890.509 
886.974 
887.932 
892.913 
870.442 
873.787 
877.094 
886.406 
878.399 
880.506 
885.466 
784.361 
779.831 
779.108 
785.1 
780.792 
784.99 
890.537 
781.994 
784.894 
773.936 
786.735 
779.937 
783.846 
774.201 
780.677 
782.847 
802.196 
801.219 
808.722 
786.407 
798.536 
793.409 
795.454 
790.036 
793.295 
800.972 
798.258 
793.183 
787.714 
799.756 
803.939 
799.743 
805.577 
814.906 
797.566 
808.615 
797.117 
800.484 
800.383 
793.593 
801.937 
795.682 
803.819 
804.983 
801.229 
802.474 
798.142 
801.069 
797.986 
799.303 
796.769 
795.881 
793.699 
794.819 
787.466 
793.478 
801.37 
798.084 
798.178 
802.784 
805.995 
802.628 
806.528 
797.362 
800.61 
799.848 
801.258 
806.774 
800.871 
799.261 
796.634 
799.776 
807.655 
804.663 
799.882 
809.118 
808.752 
810.722 
802.66 
817.455 
814.322 
808.161 
806.228 
810.33 
814.399 
815.046 
821.008 
813.026 
808.915 
820.217 
822.527 
810.785 
817.836 
816.156 
811.443 
816.496 
824.154 
808.16 
812.586 
823.286 
808.431 
813.768 
821.029 
813.348 
810.313 
818.05 
810.086 
806.987 
818.088 
808.207 
809.167 
811.884 
806.923 
807.664 
809.978 
808.157 
808.344 
808.113 
812.503 
809.901 
819.851 
808.071 
815.924 
817.207 
814.946 
815.926 
825.977 
819.458 
818.839 
815.903 
817.635 
826.604 
828.487 
821.152 
817.109 
826.915 
825.322 
818.302 
830.522 
824.883 
823.272 
814.94 
826.453 
827.733 
820.71 
825.508 
833.499 
830.253 
832.595 
827.593 
824.88 
819.484 
824.597 
822.464 
816.424 
816.413 
817.706 
821.758 
815.913 
820.388 
812.969 
807.51 
818.549 
814.519 
810.777 
813.401 
812.684 
809.429 
809.438 
811.564 
825.789 
812.202 
808.557 
807.007 
802.628 
812.83 
824.427 
809.221 
809.045 
810.238 
815.068 
816.007 
811.083 
810.067 
806.519 
817.872 
818.185 
817.112 
816.347 
813.395 
813.027 
817.337 
809.081 
816.962 
826.939 
828.926 
826.493 
839.796 
837.808 
836.04 
833.137 
830.823 
834.7 
831.641 
837.299 
830.066 
828.355 
830.4 
831.658 
822.188 
825.767 
825.779 
837.653 
832.941 
836.27 
833.119 
838.577 
833.896 
835.339 
837.081 
839.107 
839.569 
835.667 
829.029 
837.07 
834.232 
834.885 
838.217 
855.5 
844.868 
841.623 
855.427 
842.527 
854.358 
849.069 
841.565 
859.437 
851.888 
844.304 
850.578 
849.207 
854.14 
848.574 
853.018 
856.414 
849.064 
847.37 
850.277 
851.048 
853.025 
849.575 
852.225 
857.249 
848.107 
853.76 
850.808 
845.4 
859.639 
856.347 
856.934 
857.921 
848.665 
852.077 
845.489 
847.242 
845.692 
864.684 
858.414 
851.092 
849.301 
853.058 
852.301 
854.122 
854.723 
857.272 
856.754 
849.302 
845.647 
856.58 
847.697 
851.462 
863.136 
860.329 
847.82 
855.335 
858.055 
859.141 
854.294 
858.127 
859.186 
857.989 
858.792 
855.069 
865.993 
854.057 
862.773 
865.61 
858.407 
866.691 
859.183 
858.478 
860.201 
862.038 
863.543 
859.914 
863.763 
863.334 
878.783 
876.37 
862.294 
877.324 
857.794 
871.897 
868.111 
876.399 
875.489 
875.032 
871.556 
873.345 
877.007 
878.814 
868.938 
879.684 
879.293 
885.048 
878.599 
881.131 
875.542 
867.979 
882.489 
888.426 
882.539 
878.006 
879.257 
886.846 
890.164 
890.611 
887.857 
880.551 
888.246 
888.56 
884.266 
888.586 
878.489 
886.957 
888.175 
881.623 
887.39 
879.948 
882.449 
883.499 
886.177 
885.988 
888.508 
882.156 
888.114 
884.785 
883.292 
880.784 
891.626 
897.341 
892.891 
892.831 
894.703 
893.15 
907.06 
902.489 
907.697 
899.78 
898.524 
898.923 
899.402 
907.431 
902.781 
904.031 
911.408 
905.064 
913.129 
914.044 
911.951 
917.538 
907.072 
927.234 
917.516 
910.783 
916.656 
902.176 
907.068 
897.274 
902.984 
900.198 
900.336 
924.007 
904.985 
900.527 
897.801 
906.795 
903.486 
914.54 
909.498 
901.804 
911.429 
898.837 
903.589 
909.125 
911.416 
906.074 
912.77 
33.951 
29.697 
38.476 
35.062 
45.226 
42.545 
48.372 
49.792 
42.701 
41.234 
48.288 
56.147 
43.542 
50.105 
60.162 
40.469 
45.943 
38.763 
51.819 
46.117 
54.574 
49.048 
52.803 
57.868 
52.801 
52.794 
52.728 
50.227 
52.945 
46.653 
44.901 
52.955 
51.506 
48.989 
55.388 
46.649 
41.488 
44.723 
48.776 
47.237 
61.19 
57.713 
69.185 
59.863 
64.952 
57.761 
68.232 
66.89 
71.533 
73.853 
71.275 
64.042 
63.103 
70.336 
58.653 
69.555 
59.258 
67.767 
61.586 
61.95 
63.745 
64.175 
65.088 
58.208 
67.268 
63.288 
65.367 
63.991 
69.597 
81.904 
73.67 
70.229 
81.934 
68.796 
70.19 
83.885 
88.051 
89.683 
84.52 
84.48 
84.896 
92.749 
88.875 
90.894 
87.504 
94.136 
92.451 
87.024 
87.158 
91.018 
102.781 
89.823 
91.658 
93.243 
88.564 
91.935 
91.68 
93.278 
93.234 
95.001 
94.758 
94.447 
93.117 
107.961 
98.308 
98.238 
98.188 
90.538 
91.495 
103.259 
101.314 
92.478 
99.394 
95.317 
101.651 
96.596 
99.115 
108.229 
97.565 
103.066 
114.62 
106.608 
111.479 
99.3 
117.6 
119.094 
107.495 
119.778 
120.351 
106.689 
114.964 
111.839 
112.294 
119.329 
117.953 
112.672 
109.445 
112.387 
110.273 
106.929 
114.129 
105.79 
103.31 
99.958 
102.327 
104.151 
103.553 
110.702 
110.566 
113.131 
113.542 
113.275 
123.093 
122.986 
114.288 
113.078 
118.526 
120.282 
117.408 
116.699 
118.034 
114.524 
126.24 
122.991 
123.531 
138.605 
131.7 
128.004 
131.813 
131.669 
130.247 
130.828 
135.369 
136.508 
142.018 
136.247 
136.599 
138.476 
141.373 
140.011 
133.002 
127.383 
142.376 
147.6 
149.872 
154.527 
134.355 
141.003 
140.449 
143.119 
148.028 
15.606 
11.417 
15.983 
16.422 
13.054 
12.592 
23.719 
13.021 
9.436 
16.642 
17.761 
27.569 
19.369 
15.546 
24.541 
21.366 
23.369 
14.974 
28.587 
30.145 
13.475 
29.024 
33.635 
25.272 
17.499 
28.657 
29.18 
23.619 
25.602 
20.348 
36.149 
17.107 
21.036 
9.575 
18.056 
18.48 
21.758 
12.156 
12.102 
16.003 
8.118 
37.345 
16.137 
34.846 
30.402 
29.635 
43.958 
23.332 
30.31 
31.902 
30.96 
14.427 
31.511 
26.668 
32.091 
30.888 
23.371 
21.268 
18.425 
13.587 
16.214 
19.231 
23.945 
29.206 
20.72 
24.343 
30.551 
34.077 
32.684 
35.72 
27.959 
36.614 
23.383 
34.286 
34.633 
23.403 
39.208 
30.004 
30.776 
36.208 
32.871 
47.415 
34.136 
39.899 
39.475 
43.168 
45.681 
34.609 
29.294 
31.13 
40.962 
44.453 
36.999 
39.483 
43.55 
51.023 
38.266 
48.842 
40.527 
45.961 
37.841 
37.4 
41.177 
39.908 
40.546 
49.913 
36.563 
41.002 
43.493 
41.506 
43.599 
50.823 
43.39 
44.477 
41.274 
43.352 
41.215 
45.963 
41.853 
34.176 
59.407 
39.972 
40.819 
47.073 
42.332 
47.124 
48.942 
48.832 
46.97 
43.226 
46.976 
47.142 
45.327 
51.466 
48.494 
46.02 
54.892 
48.924 
48.509 
47.72 
45.762 
48.243 
49.241 
61.903 
62.942 
56.069 
55.762 
54.776 
65.66 
62.895 
55.073 
56.027 
45.282 
50.75 
61.986 
55.476 
55.599 
46.92 
43.338 
48.011 
48.247 
54.719 
57.393 
52.022 
60.051 
58.727 
62.95 
68.554 
70.495 
65.246 
54.941 
72.349 
60.688 
65.236 
72.628 
54.019 
69.404 
55.957 
70.525 
75.669 
66.611 
64.001 
70.217 
80.415 
76.552 
69.586 
63.773 
60.032 
75.616 
70.915 
70.35 
74.352 
70.205 
66.085 
86.14 
77.559 
76.239 
72.496 
78.587 
68.535 
73.486 
82.294 
76.138 
80.352 
78.195 
84.811 
73.916 
79.925 
77.938 
76.963 
88.163 
82.621 
74.92 
94.74 
78.839 
87.576 
76.108 
84.424 
65.731 
78.229 
76.854 
85.823 
84.913 
86.732 
82.518 
86.863 
93.283 
82.137 
96.172 
83.542 
77.581 
88.787 
94.342 
100.199 
82.522 
90.681 
83.909 
87.482 
95.393 
86.012 
94.426 
97.322 
106.909 
94.71 
96.726 
103.277 
97.705 
109.773 
109.272 
109.526 
102.457 
107.978 
113.841 
114.749 
110.544 
111.767 
104.268 
99.219 
102.434 
108.576 
109.215 
120.021 
114.245 
100.765 
105.239 
100.998 
93.709 
104.146 
99.976 
97.768 
107.938 
93.306 
103.785 
108.379 
99.907 
109.469 
108.299 
122.213 
109.464 
104.303 
103.707 
112.293 
104.808 
104.114 
98.152 
109.745 
104.448 
100.415 
99.085 
99.089 
95.127 
107.712 
111.437 
103.759 
105.216 
111.185 
113.395 
115.836 
121.295 
117.559 
123.189 
126.919 
127.523 
120.278 
124.415 
116.457 
115.02 
120.178 
126.72 
137.233 
121.229 
137.333 
124.831 
123.457 
133.683 
127.371 
125.997 
129.564 
119.121 
123.58 
118.348 
129.045 
132.674 
127.09 
123.897 
133.053 
122.181 
129.416 
120.579 
119.55 
122.909 
127.74 
129.115 
121.942 
121.175 
141.378 
259.47 
258.219 
249.352 
256.881 
261.594 
249.551 
242.06 
259.718 
243.151 
250.275 
258.297 
252.853 
255.122 
266.25 
255.95 
268.547 
255.289 
259.553 
257.699 
254.317 
264.547 
256.086 
257.25 
254.184 
249.593 
257.093 
249.856 
249.962 
258.827 
253.19 
244.498 
246.17 
257.734 
255.268 
245.15 
251.922 
250.637 
255.961 
246.056 
253.639 
249.149 
259.842 
248.807 
255.073 
238.516 
250.089 
250.309 
254.121 
247.026 
247.789 
250.151 
249.811 
258.046 
252.705 
260.809 
259.59 
267.403 
268.618 
264.769 
258.199 
269.2 
273.198 
265.361 
275.167 
272.491 
276.209 
273.645 
280.914 
275.604 
277.973 
275.605 
273.142 
287.386 
269.536 
273.219 
271.901 
272.002 
268.583 
271.575 
277.255 
278.692 
277.979 
287.322 
275.283 
284.455 
281.125 
265.188 
281.169 
273.748 
271.71 
287.892 
288.097 
277.859 
276.962 
283.465 
281.595 
270.268 
289.567 
275.738 
282.535 
282.965 
274.769 
284.763 
280.301 
271.52 
286.398 
279.247 
283.993 
291.409 
285.504 
270.894 
277.883 
287.689 
280.512 
281.754 
276.127 
291.392 
289.584 
287.743 
283.198 
279.337 
288.911 
281.261 
277.614 
280.106 
285.226 
284.139 
288.933 
285.411 
279.076 
287.251 
295.381 
290.304 
280.114 
283.052 
286.508 
285.31 
290.669 
291.841 
303.978 
310.689 
310.747 
297.901 
309.566 
304.962 
306.534 
308.18 
304.871 
308.215 
310.64 
309.482 
309.925 
310.358 
309.946 
307.125 
312.644 
313.847 
299.387 
307.583 
314.792 
310.544 
313.774 
304.074 
293.953 
302.066 
315.079 
302.456 
302.355 
301.663 
309.784 
294.191 
306.85 
325.786 
313.615 
314.018 
314.389 
316.822 
337.009 
315.169 
323.92 
318.986 
316.36 
311.396 
329.076 
321.907 
315.801 
329.838 
319.926 
319.444 
317.01 
328.267 
330.238 
325.933 
327.851 
324.042 
329.108 
319.862 
321.225 
321.32 
320.062 
315.437 
319.763 
314.463 
315.21 
323.25 
317.243 
318.02 
316.507 
328.021 
328.867 
324.015 
321.87 
324.326 
315.616 
320.883 
330.819 
326.316 
333.122 
333.365 
326.102 
331.526 
327.872 
336.586 
340.906 
332.79 
329.604 
338.84 
335.453 
346.074 
332.42 
348.174 
336.814 
342.025 
347.25 
341.582 
342.775 
338.628 
333.36 
215.452 
346.378 
223.913 
354.481 
219.325 
221.929 
231.56 
234.111 
227.608 
240.922 
237.728 
246.212 
242.141 
243.512 
248.275 
241.769 
241.36 
246.092 
252.934 
253.635 
243.627 
249.5 
248.932 
254.957 
260.199 
260.642 
260.99 
255.689 
260.015 
260.101 
256.43 
256.544 
248.12 
250.093 
253.171 
264.306 
257.957 
257.652 
261.445 
256.881 
260.306 
256.061 
257.138 
262.132 
284.863 
270.131 
275.717 
264.65 
273.869 
283.323 
266.668 
280.697 
263.077 
283.942 
276.713 
275.847 
271.39 
261.998 
275.741 
269.087 
275.663 
265.571 
267.586 
271.804 
258.795 
271.673 
261.034 
256.643 
264.658 
268.648 
260.74 
259.193 
256.869 
257.64 
269.992 
257.491 
253.568 
262.536 
265.619 
273.085 
257.599 
262.689 
265.719 
276.52 
276.848 
276.079 
277.704 
272.111 
274.86 
276.881 
288.834 
281.333 
276.895 
277.109 
280.809 
275.515 
281.366 
276.865 
275.893 
279.664 
279.281 
281.587 
277.804 
280.846 
285.483 
273.708 
273.16 
269.23 
273.755 
276.728 
274.945 
273.539 
272.509 
276.815 
273.763 
269.575 
282.264 
274.915 
272.389 
280.016 
282.565 
279.441 
280.013 
281.473 
280.014 
287.086 
284.228 
294.105 
280.433 
285.915 
292.96 
282.346 
293.168 
298.605 
287.427 
300.679 
291.535 
288.437 
290.189 
294.97 
289.273 
287.668 
292.146 
297.01 
296.331 
291.887 
288.009 
282.711 
289.645 
290.796 
294.706 
289.528 
288.924 
288.421 
286.022 
290.143 
291.406 
283.217 
278.008 
293.89 
300.566 
292.685 
274.851 
272.322 
277.12 
290.282 
272.722 
279.158 
275.358 
271.965 
287.162 
276.383 
300.615 
302.33 
322.098 
295.494 
324.122 
296.668 
310.246 
301.489 
315.528 
310.507 
311.459 
304.065 
322.247 
325.231 
317.971 
314.16 
319.272 
322.124 
324.202 
325.3 
325.582 
318.936 
325.474 
320.431 
319.969 
325.091 
315.871 
323.119 
328.96 
326.903 
329.705 
317.91 
318.651 
318.014 
318.9 
325.547 
329.631 
321.732 
324.331 
325.965 
332.41 
334.318 
328.792 
322.828 
327.851 
324.332 
324.934 
341.91 
330.216 
335.945 
333.057 
327.061 
324.498 
343.065 
332.601 
328.899 
335.989 
331.523 
327.845 
335.264 
336.862 
336.685 
339.337 
339.497 
336.286 
343.312 
343.39 
332.709 
340.13 
339.473 
349.932 
329.811 
353.772 
361.632 
343.014 
342.209 
336.587 
356.665 
343.464 
349.86 
343.467 
350.524 
352.842 
349.153 
345.671 
347.68 
359.337 
348.985 
356.771 
347.58 
354.632 
350.085 
347.118 
346.315 
357.018 
360.948 
360.042 
354.058 
358.04 
351.326 
358.423 
360.292 
354.72 
510.662 
511.634 
516.544 
506.777 
502.979 
502.957 
508.859 
515.192 
508.084 
505.714 
509.253 
511.649 
512.24 
509.882 
512.88 
503.227 
514.778 
509.148 
514.361 
512.717 
511.688 
510.274 
501.643 
519.612 
507.159 
513.445 
517.018 
517.11 
519.603 
516.867 
518.497 
514.456 
528.897 
512.788 
508.085 
502.205 
506.037 
511.802 
509.258 
511.934 
512.358 
511.585 
516.626 
515.619 
506.375 
502.837 
515.908 
517.506 
507.301 
511.932 
512.033 
507.319 
515.829 
520.324 
518.072 
512.993 
520.675 
516.513 
523.385 
525.077 
531.397 
531.735 
534.731 
534.509 
546.78 
539.046 
541.347 
535.081 
544.54 
541.594 
532.165 
542.963 
545.675 
549.27 
552.908 
539.224 
550.053 
551.501 
544.404 
541.016 
552.247 
543.534 
534.09 
540.852 
546.075 
546.877 
546.609 
546.351 
540.399 
554.084 
550.288 
546.612 
547.222 
555.743 
546.858 
555.225 
546.811 
559.211 
558.029 
563.108 
576.543 
557.354 
557.312 
563.07 
552.991 
558.112 
561.4 
563.338 
572.614 
582.342 
579.551 
578.429 
573.368 
578.998 
571.982 
577.325 
570.869 
582.973 
584.379 
591.991 
592.302 
582.105 
591.387 
589.757 
578.094 
568.281 
580.35 
577.959 
580.894 
576.201 
577.144 
581.202 
578.993 
585.013 
587.376 
579.359 
587.949 
588.009 
586.737 
580.716 
600.663 
584.656 
595.053 
587.519 
605.551 
591.219 
588.573 
580.545 
577.56 
586.11 
597.024 
583.926 
594.722 
588.12 
584.113 
588.809 
593.258 
603.485 
584.4 
588.923 
595.381 
586.7 
593.136 
583.338 
591.528 
592.994 
605.299 
593.387 
593.469 
599.822 
608.494 
599.034 
591.226 
598.458 
587.551 
599.768 
590.689 
600.044 
598.079 
592.727 
600.937 
589.94 
601.315 
616.483 
613.544 
624.758 
597.007 
599.687 
611.709 
601.188 
594.569 
604.227 
599.979 
595.448 
597.743 
600.923 
599.389 
595.261 
599.762 
596.583 
588.253 
598.369 
590.622 
592.43 
596.994 
598.721 
602.742 
600.726 
597.248 
602.004 
595.273 
602.031 
594.646 
597.425 
598.315 
596.952 
603.933 
599.686 
595.677 
593.199 
585.949 
591.925 
596.308 
600.931 
611.235 
612.572 
597.748 
601.855 
615.087 
613.263 
592.75 
591.17 
611.765 
594.223 
597.276 
594.234 
601.373 
599.661 
609.164 
603.305 
597.678 
589.577 
597.437 
611.307 
598.175 
601.331 
592.652 
602.612 
590.121 
604.094 
602.394 
603.043 
592.232 
605.055 
598.444 
607.494 
599.909 
608.873 
593.378 
603.826 
599.144 
617.893 
608.523 
597.687 
597.269 
605.235 
595.435 
599.44 
601.712 
597.677 
588.404 
602.915 
602.066 
613.976 
601.164 
592.132 
592.882 
597.704 
610.512 
607.068 
607.065 
584.817 
613.777 
608.563 
603.612 
608.622 
610.424 
599.41 
447.317 
593.669 
604.332 
616.844 
460.726 
461.536 
462.741 
467.688 
467.872 
472.047 
474.651 
471.673 
469.784 
475.586 
469.392 
472.237 
474.491 
476.109 
471.163 
471.924 
473.701 
469.619 
476.658 
464.586 
479.22 
476.651 
473.514 
473.448 
482.201 
476.849 
480.765 
473.558 
471.314 
472.942 
475.328 
481.179 
480.278 
484.258 
485.277 
495.715 
479.692 
486.759 
490.272 
487.698 
495.42 
488.739 
488.414 
495.539 
489.291 
506.985 
488.383 
499.508 
496.147 
495.893 
492.859 
498.035 
502.666 
496.553 
507.684 
495.645 
496.517 
512.174 
506.953 
497.643 
502.522 
494.03 
497.574 
488.033 
503.345 
494.966 
493.338 
501.605 
492.356 
495.86 
490.021 
499.962 
499.595 
495.795 
501.609 
485.608 
497.724 
494.17 
494.999 
501.059 
500.282 
493.661 
498.179 
494.866 
490.768 
493.87 
499.424 
479.33 
501.602 
496.713 
486.416 
503.67 
487.496 
488.55 
485.229 
485.742 
481.168 
491.432 
483.3 
477.106 
479.277 
482.011 
485.666 
491.125 
486.198 
495.14 
493.458 
496.93 
495.446 
511.019 
488.984 
495.778 
486.238 
496.44 
494.717 
488.86 
499.443 
497.456 
489.742 
497.86 
493.058 
489.697 
494.126 
492.445 
487.944 
495.623 
493.029 
492.249 
497.26 
504.188 
496.809 
495.67 
496.989 
485.216 
492.286 
494.677 
492.09 
500.509 
499.694 
503.626 
497.865 
493.8 
495.349 
496.296 
492.497 
493.759 
498.824 
481.989 
503.51 
490.98 
489.454 
480.36 
513.908 
493.348 
493.82 
487.397 
487.622 
491.739 
495.009 
491.53 
486.103 
502.603 
498.698 
489.709 
493.526 
493.089 
502.165 
491.338 
508.988 
505.184 
501.632 
503.639 
504.6 
503.919 
515.391 
514.779 
512.11 
503.365 
514.264 
509.03 
514.522 
517.944 
510.687 
517.059 
514.556 
517.149 
519.863 
514.261 
516.664 
513.205 
513.062 
507.361 
506.809 
518.042 
518.141 
515.36 
508.173 
521.093 
513.342 
518.179 
519.041 
512.842 
522.227 
527.065 
523.082 
522.394 
511.887 
511.346 
513.981 
521.521 
516.151 
521.02 
524.811 
528.859 
518.446 
516.695 
520.146 
527.091 
530.984 
534.108 
526.797 
533.395 
543.43 
535.445 
539.967 
533.54 
532.164 
537.072 
542.681 
544.817 
537.67 
550.532 
535.103 
552.699 
528.575 
535.15 
541.456 
530.027 
546.112 
543.704 
537.931 
540.634 
541.604 
534.566 
543.993 
551.547 
539.722 
543.907 
544.589 
537.889 
549.351 
546.14 
540.501 
545.509 
555.751 
546.891 
554.37 
548.812 
543.299 
555.487 
550.163 
547.236 
548.772 
556.969 
560.302 
552.394 
553.878 
551.526 
552.203 
556.27 
550.547 
552.947 
552.957 
547.778 
555.249 
550.132 
543.013 
545.432 
552.372 
542.828 
561.609 
557.661 
555.748 
550.339 
555.996 
551.698 
688.91 
684.236 
695.87 
699.95 
687.164 
690.681 
690.997 
693.223 
688.519 
694.72 
695.362 
687.209 
688.158 
693.641 
699.29 
696.911 
680.42 
696.566 
692.043 
691.727 
687.581 
685.019 
687.035 
699.505 
698.9 
690.841 
690.075 
696.821 
691.378 
692.34 
701.263 
701.178 
690.491 
692.182 
685.448 
694.155 
690.764 
684.787 
693.542 
684.109 
679.545 
688.039 
680.161 
686.247 
692.926 
680.525 
685.217 
693.681 
686.181 
678.741 
682.527 
688.17 
671.531 
686.234 
679.517 
679.591 
684.358 
673.268 
672.21 
671.295 
664.65 
664.17 
686.168 
669.191 
660.298 
665.374 
668.023 
658.305 
690.868 
662.821 
704.349 
715.782 
710.687 
695.669 
697.771 
708.383 
695.824 
700.364 
702.766 
695.946 
699.803 
702.489 
696.998 
695.697 
697.969 
696.415 
702.021 
704.364 
700.079 
697.219 
697.092 
713.926 
707.159 
712.757 
706.681 
713.756 
714.055 
705.23 
715.042 
713.931 
716.624 
717.478 
721.484 
716.583 
713.037 
717.982 
715.03 
712.194 
717.276 
727.153 
722.902 
728.976 
720.219 
728.695 
721.701 
730.224 
726.333 
730.276 
724.855 
726.035 
718.547 
733.189 
718.053 
721.748 
721.644 
715.489 
712.098 
718.299 
721.695 
728.751 
714.529 
711.673 
719.779 
731.183 
721.989 
725.886 
728.269 
727.642 
724.348 
736.986 
722.662 
721.552 
717.914 
727.367 
716.907 
724.016 
722.001 
724.56 
723.26 
737.21 
723.119 
725.931 
723.165 
732.686 
729.977 
727.828 
728.259 
733.598 
728.908 
738.505 
726.72 
722.127 
741.921 
728.789 
738.213 
732.398 
735.259 
729.398 
731.284 
732.872 
732.541 
742.162 
727.696 
741.036 
734.939 
737.998 
734.844 
743.297 
734.136 
740.691 
742.278 
742.971 
749.4 
743.761 
745.493 
739.621 
748.819 
751.258 
741.588 
748.634 
740.395 
753.69 
748.605 
742.481 
743.272 
741.829 
736.967 
745.418 
749.346 
746.81 
747.459 
752.436 
762.845 
742.164 
748.305 
761.684 
752.223 
749.182 
758.299 
748.739 
744.583 
759.957 
747.611 
750.853 
752.094 
758.756 
766.318 
761.171 
764.664 
762.373 
764.496 
748.462 
765.906 
758.939 
759.806 
761.465 
762.15 
771.992 
773.383 
769.169 
760.062 
770.949 
778.13 
780.44 
784.741 
782.011 
778.729 
777.648 
778.603 
784.522 
787.737 
770.854 
776.299 
782.994 
781.505 
778.147 
783.967 
784.246 
778.492 
775.92 
782.752 
783.6 
775.855 
781.002 
778.534 
783.215 
809.32 
784.353 
776.983 
784.039 
775.013 
784.332 
778.587 
782.824 
772.615 
778.244 
781.63 
787.362 
794.593 
785.679 
784.582 
773.218 
773.813 
787.081 
797.386 
788.901 
776.638 
771.197 
781.243 
779.354 
788.081 
792.422 
786.24 
794.617 
782.101 
796.64 
791.75 
801.666 
780.416 
796.079 
787.404 
793.243 
791.729 
787.634 
790.499 
793.432 
786.749 
795.12 
799.8 
797.825 
787.489 
797.232 
800.904 
804.619 
801.125 
804.272 
799.228 
803.316 
804.847 
810.821 
809.972 
810.873 
800.904 
801.216 
805.341 
801.899 
799.528 
799.587 
660.583 
659.415 
663.38 
656.93 
661.204 
670.531 
667.129 
669.749 
666.822 
676.318 
667.91 
680.261 
671.93 
677.116 
677.989 
673.815 
677.983 
676.043 
677.435 
677.998 
677.478 
686.702 
679.06 
686.46 
686.193 
683.066 
678.871 
690.48 
688.786 
689.885 
686.929 
688.017 
686.855 
680.826 
686.726 
682.876 
678.977 
685.673 
686.512 
681.462 
680.917 
690.805 
692.012 
695.721 
694.67 
704.985 
704.639 
694.624 
708.477 
694.485 
690.682 
712.7 
711.919 
709.897 
699.214 
707.688 
712.803 
708.648 
707.726 
705.163 
699.727 
702.607 
700.882 
699.626 
702.388 
705.842 
699.881 
693.813 
703.869 
703.817 
699.207 
701.704 
696.576 
699.415 
699.402 
711.827 
703.78 
712.861 
715.01 
709.725 
724.479 
718.481 
711.484 
720.054 
710.36 
722.294 
711.295 
719.553 
712.674 
713.879 
715.716 
719.995 
714.235 
718.227 
712.743 
715.401 
706.993 
713.276 
719.133 
714.348 
701.285 
722.198 
710.908 
708.379 
706.566 
720.399 
695.391 
707.271 
714.892 
709.228 
709.776 
714.514 
696.453 
695.063 
707.355 
699.359 
699.227 
701.694 
704.775 
717.467 
707.577 
700.649 
712.574 
717.631 
712.229 
712.838 
710.152 
720.685 
720.42 
715.57 
713.092 
713.815 
707.798 
718.474 
713.548 
717.338 
720.333 
719.922 
719.622 
728.971 
727.945 
724.174 
721.538 
725.252 
731.229 
729.564 
732.354 
726.733 
727.422 
722.109 
726.185 
732.106 
736.794 
730.203 
727.736 
733.776 
737.076 
725.475 
728.439 
727.754 
739.712 
722.741 
729.156 
736.362 
727.538 
730.823 
738.821 
726.517 
730.952 
728.319 
721.708 
727.226 
726.269 
718.779 
721.011 
723.413 
726.149 
715.962 
739.72 
741.062 
738.56 
740.646 
736.43 
732.093 
738.779 
738.315 
741.005 
738.543 
737.134 
742.221 
746.291 
740.737 
746.576 
743.524 
750.2 
745.14 
756.213 
751.985 
759.676 
765.104 
763.176 
769.536 
759.6 
759.308 
770.512 
754.598 
760.09 
758.605 
753.083 
763.109 
748.07 
757.468 
758.292 
757.669 
762.819 
758.883 
755.487 
757.246 
754.43 
764.641 
763.955 
771.975 
763.476 
757.694 
759.399 
767.571 
758.414 
765.529 
747.681 
753.567 
763.053 
759.249 
765.553 
762.95 
761.288 
768.403 
771.305 
763.049 
759.448 
760.059 
759.557 
766.59 
759.584 
777.55 
765.282 
771.099 
927.851 
924.955 
934.956 
925.583 
919.741 
926.906 
931.164 
938.704 
927.367 
921.16 
931.094 
924.454 
928.387 
928.054 
921.64 
915.827 
924.049 
927.913 
925.036 
915.045 
922.492 
905.535 
920.175 
919.799 
918.545 
921.515 
919.138 
919.509 
911.398 
924.126 
923.086 
908.559 
908.944 
909.518 
908.619 
913.148 
904.284 
907.695 
908.882 
896.111 
918.232 
901.1 
886.616 
891.478 
912.775 
896.066 
901.479 
901.847 
903.046 
894.803 
898.543 
903.909 
901.669 
889.066 
895.409 
896.242 
901.42 
904.271 
901.641 
898.906 
908.359 
894.634 
915.229 
913.069 
907.802 
903.965 
906.952 
908.265 
910.924 
906.343 
901.856 
902.775 
909.773 
918.26 
904.164 
907.339 
906.534 
909.212 
907.558 
907.556 
907.026 
910.874 
908.515 
918.296 
908.93 
911.967 
920.783 
915.415 
920.887 
913.277 
915.762 
929.22 
922.969 
925.97 
917.665 
921.697 
931.45 
936.691 
925.211 
938.775 
941.544 
926.837 
934.847 
931.49 
932.591 
943.969 
932.933 
926.413 
938.452 
935.746 
937.249 
935.876 
936.132 
945.141 
934.097 
935.898 
933.751 
944.178 
932.902 
938.789 
943.193 
927.913 
936.636 
941.231 
944.272 
933.83 
944.973 
947.238 
947.839 
944.683 
944.991 
943.005 
939.651 
949.288 
943.72 
948.131 
944.234 
942.585 
943.292 
953.912 
949.7 
953.518 
959.435 
946.203 
950.446 
955.766 
960.8 
957.641 
966.197 
967.61 
963.732 
960.763 
972.148 
978.537 
966.259 
966.036 
967.494 
966.975 
960.409 
979.717 
964.003 
966.533 
977.594 
971.782 
963.795 
969.684 
984.699 
978.935 
979.851 
975.538 
962.444 
975.913 
965.077 
974.301 
977.67 
971.263 
968.262 
979.876 
972.898 
978.066 
981.417 
996.131 
982.294 
982.65 
982.098 
980.242 
977.166 
973.278 
988.528 
976.888 
983.889 
980.411 
980.342 
976.322 
982.637 
978.698 
983.499 
979.535 
976.463 
981.8 
977.097 
982.126 
978.066 
988.691 
983.014 
988.623 
984.836 
988.329 
981.987 
994.116 
988.383 
977.782 
984.172 
989.243 
990.329 
986.298 
987.154 
986.285 
992.209 
992.245 
993.45 
4.458 
1.409 
985.571 
989.555 
994.256 
4.473 
3.099 
993.53 
9.004 
12.198 
11.463 
4.932 
5.629 
992.285 
5.465 
30.949 
998.729 
2.833 
995.918 
1.998 
4.989 
11.578 
6.516 
5.315 
6.894 
0.841 
11.259 
7.767 
7.824 
9.516 
7.211 
10.816 
21.212 
19.221 
17.263 
14.443 
16.401 
33.086 
23.198 
24.867 
27.545 
24.612 
22.63 
24.23 
17.853 
21.811 
19.963 
15.053 
8.288 
12.118 
7.013 
998.848 
0.704 
992.782 
1.738 
994.541 
996.802 
989.344 
2.429 
986.735 
7.241 
997.283 
993.822 
34.002 
36.34 
35.439 
19.3 
34.407 
36.534 
37.929 
41.421 
30.085 
37.389 
36.015 
26.633 
30.045 
34.035 
38.691 
31.498 
45.505 
26.476 
31.694 
24.563 
32.313 
35.695 
37.765 
26.206 
26.067 
32.011 
33.93 
39.376 
32.843 
32.93 
33.69 
28.58 
49.358 
53.69 
37.724 
45.575 
40.052 
38.311 
36.555 
40.117 
46.91 
46.989 
38.806 
47.252 
46.09 
53.629 
44.338 
50.096 
43.357 
48.114 
43.08 
46.582 
42.898 
45.798 
51.17 
47.073 
53.185 
52.502 
45.706 
45.826 
49.243 
48.753 
53.509 
51.556 
50.436 
54.461 
47.639 
47.815 
58.109 
45.726 
51.892 
47.834 
56.948 
881.51 
57.124 
55.335 
51.683 
892.859 
889.929 
907.166 
896.787 
897.979 
888.825 
896.398 
890.649 
898.185 
903.341 
885.31 
882.095 
885.228 
877.19 
874.151 
875.014 
888.958 
875.657 
877.152 
877.752 
875.371 
873.915 
873.352 
869.664 
869.967 
869.975 
864.37 
861.768 
869.494 
864.516 
866.291 
864.779 
858.601 
858.508 
866.881 
843.029 
860.454 
851.488 
847.871 
848.345 
861.624 
840.623 
843.541 
840.746 
841.901 
834.454 
834.26 
845.077 
830.721 
830.27 
824.131 
843.476 
846.942 
843.599 
847.595 
834.931 
846.653 
851.284 
848.829 
851.717 
854.472 
845.877 
847.18 
847.553 
847.676 
845.735 
848.094 
836.774 
839.259 
843.68 
829.573 
844.31 
839.47 
839.377 
845.705 
837.922 
834.705 
842.49 
840.445 
834.313 
827.857 
828.311 
832.948 
835.917 
827.01 
829.781 
829.523 
834.143 
808.551 
822.319 
821.392 
836.597 
815.034 
819.988 
818.721 
825.907 
815.703 
823.464 
821.353 
807.511 
829.145 
820.689 
800.016 
799.662 
799.102 
788.313 
797.868 
799.262 
786.349 
793.063 
801.551 
792.481 
783.376 
792.201 
782.818 
784.619 
783.531 
782.974 
782.997 
782.664 
780.748 
776.363 
775.139 
768.778 
774.679 
775.34 
774.5 
765.76 
754.336 
761.511 
764.412 
769.598 
766.256 
767.036 
768.54 
755.245 
764.923 
755.008 
752.799 
756.465 
747.803 
745.928 
753.16 
748.641 
757.409 
760.917 
740.581 
749.705 
752.66 
742.063 
742.727 
735.568 
751.262 
732.571 
731.922 
735.582 
732.194 
726.669 
721.162 
739.893 
723.181 
720.695 
710.698 
724.319 
701.24 
711.822 
707.772 
712.946 
702.287 
697.662 
700.32 
698.207 
695.561 
699.657 
695.276 
691.943 
694.794 
701.675 
691.419 
693.624 
692.523 
688.944 
688.349 
691.697 
691.91 
684.905 
679.917 
683.863 
666.116 
688.311 
674.993 
683.656 
671.754 
674.167 
693.783 
664.999 
670.178 
663.48 
664.773 
663.279 
663.832 
663.839 
658.287 
652.906 
651.652 
657.105 
653.62 
654.224 
668.044 
639.304 
637.838 
654.262 
640.288 
646.371 
630.897 
638.903 
646.697 
643.362 
639.902 
655.727 
632.925 
653.873 
623.237 
629.021 
623.534 
625.603 
635.061 
620.823 
646.795 
627.282 
619.851 
613.109 
615.154 
614.045 
615.314 
617.711 
620.119 
609.056 
620.261 
606.259 
596.254 
589.103 
601.565 
607.9 
595.453 
600.99 
597.474 
565.987 
593.317 
576.785 
581.192 
566.512 
582.436 
573.203 
575.686 
583.219 
576.356 
597.464 
569.737 
566.578 
577.805 
559.299 
559.235 
552.188 
551.792 
557.215 
546.696 
536.198 
545.796 
547.771 
543.812 
531.538 
530.606 
515.76 
525.237 
533.694 
524.934 
533.932 
541.314 
532.799 
533.864 
534.083 
527.269 
517.526 
497.061 
499.7 
499.624 
507.309 
503.341 
497.528 
498.571 
478.388 
491.61 
507.989 
497.353 
487.236 
500.2 
510.671 
492.953 
489.881 
470.863 
484.069 
467.164 
490.894 
510.895 
498.106 
497.044 
479.975 
485.838 
498.993 
509.156 
474.225 
469.665 
488.465 
477.33 
494.651 
475.735 
487.446 
495.868 
472.707 
465.258 
463.077 
460.509 
457.052 
464.416 
465.084 
464.533 
445.874 
447.413 
453.233 
447.598 
448.182 
446.065 
451.439 
444.69 
417.409 
437.133 
423.369 
434.254 
431.495 
436.576 
421.997 
450.519 
441.302 
429.586 
434.914 
406.544 
413.653 
432.976 
404.48 
406.492 
427.149 
406.102 
434.984 
417.041 
433.185 
416.513 
408.9 
391.149 
400.867 
395.941 
409.655 
400.283 
392.811 
385.66 
403.595 
401.865 
398.821 
393.959 
395.829 
394.999 
384.487 
375.401 
383.154 
402.021 
383.98 
384.344 
401.876 
388.813 
396.972 
394.929 
381.567 
383.739 
363.737 
386.973 
382.691 
370.053 
384.375 
361.282 
368.144 
375.368 
379.093 
358.179 
363.295 
351.344 
348.034 
351.308 
360.504 
362.154 
352.821 
358.006 
326.713 
317.719 
320.762 
327.988 
310.248 
317.759 
312.703 
286.099 
294.773 
314.288 
297.904 
307.171 
314.724 
285.981 
312.262 
291.575 
293.813 
296.233 
282.59 
295.399 
308.773 
291.781 
288.324 
282.62 
281.865 
272.524 
280.523 
268.019 
275.604 
278.752 
281.129 
275.205 
275.184 
283.073 
270.045 
274.784 
277.162 
263.44 
264.27 
267.267 
264.768 
276.358 
267.459 
268.384 
284.703 
264.305 
260.361 
248.563 
252.898 
249.641 
245.13 
253.11 
244.397 
258.308 
260.397 
261.021 
241.634 
236.216 
239.983 
244.274 
232.136 
988.015 
231.932 
233.758 
230.305 
244.246 
221.701 
241.847 
237.636 
229.992 
231.253 
212.203 
233.388 
234.029 
235.717 
224.747 
220.07 
216.622 
202.792 
197.49 
212.218 
199.72 
194.819 
196.081 
203.273 
204.365 
207.386 
189.233 
192.371 
201.881 
205.312 
185.185 
195.575 
189.906 
187.05 
185.16 
171.088 
171.369 
187.104 
171.952 
189.466 
179.276 
177.488 
190.76 
187.924 
145.739 
164.735 
154.819 
171.825 
169.351 
170.969 
154.96 
147.637 
159.13 
153.588 
169.884 
167.938 
166.239 
152.392 
166.796 
162.221 
154.864 
176.8 
149.322 
166.931 
149.99 
166.178 
167.147 
153.724 
157.198 
144.866 
146.351 
150.06 
148.338 
145.671 
140.203 
162.543 
141.106 
125.732 
116.935 
137.989 
109.186 
117.273 
135.763 
131.458 
131.862 
123.373 
131.026 
120.932 
108.167 
116.081 
123.109 
128.315 
107.441 
122.306 
123.185 
111.914 
137.857 
106.824 
126.853 
105.185 
111.904 
116.289 
111.485 
96.133 
90.606 
79.318 
113.119 
109.525 
85.557 
84.928 
70.325 
106.208 
74.048 
97.438 
85.947 
67.139 
90.919 
77.633 
64.416 
98.051 
93.659 
80.715 
79.133 
88.574 
68.613 
78.99 
106.559 
69.033 
76.091 
75.61 
93.738 
99.326 
65.895 
65.596 
60.652 
61.855 
65.933 
61.423 
55.956 
59.622 
52.831 
56.099 
50.991 
45.667 
47.464 
55.745 
51.946 
45.694 
59.36 
48.082 
47.22 
53.853 
39.862 
43.672 
54.756 
51.992 
45.162 
33.432 
36.922 
33.965 
29.206 
33.546 
28.168 
35.345 
27.865 
28.019 
30.013 
36.734 
33.961 
16.409 
15.704 
17.313 
14.848 
10.643 
12.435 
16.794 
8.059 
18.811 
10.946 
10.169 
13.834 
6.457 
8.477 
5.785 
6.117 
9.224 
5.229 
3.566 
995.184 
3.052 
997.94 
993.61 
995.211 
994.16 
992.975 
991.625 
996.988 
995.667 
0.532 
983.714 
992.443 
991.227 
989.024 
988.448 
993.873 
989.444 
981.45 
976.841 
978.439 
984.482 
985.298 
978.751 
981.694 
979.82 
971.727 
982.917 
971.372 
960.547 
959.58 
951.333 
954.758 
952.526 
946.235 
951.558 
948.872 
954.364 
957.054 
950.729 
952.178 
956.469 
952.137 
944.589 
944.419 
945.568 
942.625 
938.146 
945.416 
944.518 
930.998 
939.847 
928.689 
937.495 
933.784 
932.839 
934.415 
927.298 
935.269 
933.515 
928.642 
920.839 
928.189 
919.717 
923.351 
921.251 
923.11 
918.581 
913.579 
915.167 
916.554 
909.806 
912.087 
924.287 
909.137 
905.218 
906.31 
903.727 
899.152 
908.117 
870.464 
870.891 
894.059 
909.275 
889.243 
889.516 
875.168 
884.747 
881.98 
896.023 
905.701 
895.81 
881.531 
892.918 
868.951 
894.779 
875.548 
903.944 
867.159 
896.554 
856.206 
861.17 
861.743 
850.166 
855.799 
855.173 
858.216 
846.22 
851.13 
844.922 
842.4 
833.3 
830.986 
820.469 
847.948 
837.413 
818.403 
824.629 
819.283 
850.927 
854.755 
819.023 
850.999 
833.828 
825.948 
843.452 
838.93 
834.252 
838.03 
823.61 
824.013 
791.307 
781.455 
818.035 
815.525 
792.102 
778.382 
767.87 
814.176 
812.96 
805.569 
809.233 
789.333 
775.356 
771.924 
823.233 
808.614 
791.275 
793.159 
800.756 
815.41 
776.52 
780.24 
773.288 
819.46 
792.39 
780.928 
765.974 
807.214 
771.359 
770.014 
797.18 
811.244 
811.152 
761.1 
813.601 
798.176 
765.119 
765.616 
758.477 
755.659 
754.1 
754.189 
754.974 
750.811 
742.656 
746.765 
751.832 
745.715 
750.392 
752.11 
750.43 
755.105 
755.123 
744.918 
749.226 
761.181 
752.147 
751.24 
738.218 
744.674 
739.239 
743.961 
740.436 
738.748 
735.513 
734.817 
743.438 
728.512 
734.225 
734.336 
740.446 
730.145 
732.01 
726.98 
729.72 
727.169 
712.566 
724.873 
705.904 
741.445 
704.369 
701.945 
693.086 
689.216 
694.36 
686.885 
686.162 
681.79 
675.839 
680.238 
672.609 
658.455 
654.901 
652.118 
645.922 
641.72 
640.546 
626.797 
632.206 
638.428 
610.706 
626.197 
628.901 
625.202 
594.509 
601.237 
594.505 
590.577 
568.67 
571.073 
565.952 
561.91 
562.915 
545.411 
545.537 
542.763 
532.284 
523.78 
538.285 
522.242 
535.797 
543.403 
540.706 
512.608 
512.434 
488.456 
521.359 
485.914 
497.136 
472.058 
464.589 
439.61 
420.419 
423.756 
413.056 
401.705 
395.65 
383.852 
380.841 
358.599 
355.853 
331.52 
348.309 
319.877 
324.681 
333.472 
317.361 
320.222 
320.65 
337.339 
320.39 
320.243 
319.477 
290.615 
304.933 
273.087 
159.445 
198.074 
198.345 
196.0 
132.02 
309.106 
80.342 
56.144 
49.945 
11.917 
46.298 
8.796 
29.507 
34.931 
36.146 
26.208 
8.237 
2.293 
2.196 
1.819 
1.845 
3.002 
2.772 
1.791 
6.53 
8.585 
2.033 
1.817 
2.077 
2.246 
1.762 
2.66 
1.811 
1.982 
1.813 
1.684 
3.563 
2.416 
1.76 
1.758 
1.827 
1.822 
1.991 
3.675 
2.475 
1.822 
1.755 
1.964 
1.936 
1.833 
2.133 
2.377 
1.792 
1.768 
1.68 
1.925 
2.239 
4.722 
1.807 
1.88 
1.794 
1.849 
1.822 
1.756 
2.42 
1.775 
1.842 
1.874 
6.719 
167.06 
6.044 
4.079 
2.386 
1.811 
1.738 
1.749 
3.318 
3.098 
3.17 
2.422 
4.05 
3.551 
2.826 
1.885 
1.837 
2.998 
1.835 
2.135 
3.703 
1.749 
2.244 
2.049 
1.816 
