798216
839181
842090
669419
776218
394923
486535
895309
939242
769522
909148
822325
864632
960332
878391
845610
972308
896583
706331
873967
859163
941032
655867
719972
823688
764904
925598
681055
807758
649802
841228
822368
791005
691658
793620
838446
350078
801224
836256
954033
142572
369559
636552
348895
442197
997723
152741
204821
535960
946096
363016
957588
204466
69505
204072
109793
341754
809262
922580
18276
5732
812488
129157
129986
524381
865910
245053
899002
838632
623912
952188
950860
960655
