290858
272044
297990
579337
265951
264980
242668
263035
452793
380621
311337
242573
580156
354248
240824
278278
257842
346372
242846
291351
286406
241426
240952
271923
245893
268883
240668
427829
256038
252559
256856
250044
388397
280031
289832
269374
292877
277907
363487
280322
253356
272523
254522
535777
261559
357651
264797
238386
240985
246484
383644
240362
237640
250351
295063
277231
280903
312677
299350
307642
283132
342387
608017
282288
300034
312747
288959
344611
299431
552423
412120
398394
447302
408153
487839
340398
335440
670494
801431
554808
561802
447301
434048
860959
736996
637880
657875
765931
641122
631265
655609
740483
638116
650216
699705
743953
709563
744214
724895
891563
